-1.219999999999999973e+00
-1.219999999999999973e+00
-1.219999999999999973e+00
-2.390000000000000124e+00
-2.390000000000000124e+00
-2.390000000000000124e+00
-9.100000000000000311e-01
-9.100000000000000311e-01
-9.100000000000000311e-01
-6.339999999999999858e+00
-6.339999999999999858e+00
-6.339999999999999858e+00
-2.890000000000000124e+00
-2.890000000000000124e+00
-2.890000000000000124e+00
-2.359999999999999876e+00
-2.359999999999999876e+00
-2.359999999999999876e+00
-4.740000000000000213e+00
-4.740000000000000213e+00
-4.740000000000000213e+00
-2.819999999999999840e+00
-2.819999999999999840e+00
-2.819999999999999840e+00
-3.589999999999999858e+00
-3.589999999999999858e+00
-3.589999999999999858e+00
-4.719999999999999751e+00
-4.719999999999999751e+00
-4.719999999999999751e+00
-2.120000000000000107e+00
-2.120000000000000107e+00
-2.120000000000000107e+00
-4.379999999999999893e+00
-4.379999999999999893e+00
-4.379999999999999893e+00
-4.599999999999999645e+00
-4.599999999999999645e+00
-4.599999999999999645e+00
-2.290000000000000036e+00
-2.290000000000000036e+00
-2.290000000000000036e+00
-4.099000000000000199e+00
-4.099000000000000199e+00
-4.099000000000000199e+00
-2.250000000000000000e+00
-2.250000000000000000e+00
-2.250000000000000000e+00
-4.113999999999999879e+00
-4.113999999999999879e+00
-4.113999999999999879e+00
-4.559999999999999609e+00
-4.559999999999999609e+00
-4.559999999999999609e+00
-1.159999999999999920e+00
-1.159999999999999920e+00
-1.159999999999999920e+00
-1.639999999999999902e+00
-1.639999999999999902e+00
-1.639999999999999902e+00
-4.139999999999999680e+00
-4.139999999999999680e+00
-4.139999999999999680e+00
-3.363999999999999879e+00
-3.363999999999999879e+00
-3.363999999999999879e+00
-6.004999999999999893e+00
-6.004999999999999893e+00
-6.004999999999999893e+00
-3.927999999999999936e+00
-3.927999999999999936e+00
-3.927999999999999936e+00
-2.540000000000000036e+00
-2.540000000000000036e+00
-2.540000000000000036e+00
-4.730000000000000426e+00
-4.730000000000000426e+00
-4.730000000000000426e+00
-2.060000000000000053e+00
-2.060000000000000053e+00
-2.060000000000000053e+00
-1.340000000000000080e+00
-1.340000000000000080e+00
-1.340000000000000080e+00
-6.307000000000000384e+00
-6.307000000000000384e+00
-6.307000000000000384e+00
-1.741999999999999993e+00
-1.741999999999999993e+00
-1.741999999999999993e+00
-3.729999999999999982e+00
-3.729999999999999982e+00
-3.729999999999999982e+00
-2.419999999999999929e+00
-2.419999999999999929e+00
-2.419999999999999929e+00
-2.399999999999999911e+00
-2.399999999999999911e+00
-2.399999999999999911e+00
-1.199999999999999956e-01
-1.199999999999999956e-01
-1.199999999999999956e-01
-7.209999999999999964e+00
-7.209999999999999964e+00
-7.209999999999999964e+00
-2.200000000000000011e-01
-2.200000000000000011e-01
-2.200000000000000011e-01
-6.780000000000000249e+00
-6.780000000000000249e+00
-6.780000000000000249e+00
-7.320000000000000284e+00
-7.320000000000000284e+00
-7.320000000000000284e+00
-3.629999999999999893e+00
-3.629999999999999893e+00
-3.629999999999999893e+00
-3.479999999999999982e+00
-3.479999999999999982e+00
-3.479999999999999982e+00
-1.189999999999999947e+00
-1.189999999999999947e+00
-1.189999999999999947e+00
-3.549999999999999822e+00
-3.549999999999999822e+00
-3.549999999999999822e+00
-3.081999999999999851e+00
-3.081999999999999851e+00
-3.081999999999999851e+00
-6.200000000000000178e+00
-6.200000000000000178e+00
-6.200000000000000178e+00
-4.419999999999999929e+00
-4.419999999999999929e+00
-4.419999999999999929e+00
-1.600000000000000089e+00
-1.600000000000000089e+00
-1.600000000000000089e+00
-2.529999999999999805e+00
-2.529999999999999805e+00
-2.529999999999999805e+00
-4.080000000000000071e+00
-4.080000000000000071e+00
-4.080000000000000071e+00
-2.729999999999999982e+00
-2.729999999999999982e+00
-2.729999999999999982e+00
-1.959999999999999964e+00
-1.959999999999999964e+00
-1.959999999999999964e+00
-3.770000000000000018e+00
-3.770000000000000018e+00
-3.770000000000000018e+00
-1.040000000000000036e+00
-1.040000000000000036e+00
-1.040000000000000036e+00
-3.379999999999999893e+00
-3.379999999999999893e+00
-3.379999999999999893e+00
-7.277999999999999581e+00
-7.277999999999999581e+00
-7.277999999999999581e+00
-3.009999999999999787e+00
-3.009999999999999787e+00
-3.009999999999999787e+00
-2.939999999999999947e+00
-2.939999999999999947e+00
-2.939999999999999947e+00
-4.576000000000000512e+00
-4.576000000000000512e+00
-4.576000000000000512e+00
-3.819999999999999840e+00
-3.819999999999999840e+00
-3.819999999999999840e+00
-8.900000000000000133e-01
-8.900000000000000133e-01
-8.900000000000000133e-01
-2.930000000000000160e+00
-2.930000000000000160e+00
-2.930000000000000160e+00
-1.719999999999999973e+00
-1.719999999999999973e+00
-1.719999999999999973e+00
-1.715999999999999970e+00
-1.715999999999999970e+00
-1.715999999999999970e+00
-3.669999999999999929e+00
-3.669999999999999929e+00
-3.669999999999999929e+00
-1.885999999999999899e+00
-1.885999999999999899e+00
-1.885999999999999899e+00
-2.209999999999999964e+00
-2.209999999999999964e+00
-2.209999999999999964e+00
-5.660000000000000142e+00
-5.660000000000000142e+00
-5.660000000000000142e+00
-3.080000000000000071e+00
-3.080000000000000071e+00
-3.080000000000000071e+00
-7.000000000000000000e+00
-7.000000000000000000e+00
-7.000000000000000000e+00
1.100000000000000089e+00
1.100000000000000089e+00
1.100000000000000089e+00
-3.451000000000000068e+00
-3.451000000000000068e+00
-3.451000000000000068e+00
7.000000000000000666e-02
7.000000000000000666e-02
7.000000000000000666e-02
-2.509999999999999787e+00
-2.509999999999999787e+00
-2.509999999999999787e+00
-2.540000000000000036e+00
-2.540000000000000036e+00
-2.540000000000000036e+00
-4.190000000000000391e+00
-4.190000000000000391e+00
-4.190000000000000391e+00
1.120000000000000107e+00
1.120000000000000107e+00
1.120000000000000107e+00
-4.099999999999999645e+00
-4.099999999999999645e+00
-4.099999999999999645e+00
-7.679999999999999716e+00
-7.679999999999999716e+00
-7.679999999999999716e+00
5.200000000000000178e-01
5.200000000000000178e-01
5.200000000000000178e-01
-5.400000000000000355e+00
-5.400000000000000355e+00
-5.400000000000000355e+00
-2.000000000000000000e+00
-2.000000000000000000e+00
-2.000000000000000000e+00
-4.299999999999999933e-01
-4.299999999999999933e-01
-4.299999999999999933e-01
-4.030000000000000249e+00
-4.030000000000000249e+00
-4.030000000000000249e+00
-6.700000000000000400e-01
-6.700000000000000400e-01
-6.700000000000000400e-01
-2.390000000000000124e+00
-2.390000000000000124e+00
-2.390000000000000124e+00
-2.580000000000000071e+00
-2.580000000000000071e+00
-2.580000000000000071e+00
-4.280000000000000249e+00
-4.280000000000000249e+00
-4.280000000000000249e+00
-3.140000000000000124e+00
-3.140000000000000124e+00
-4.160000000000000142e+00
-4.160000000000000142e+00
-4.160000000000000142e+00
-1.570000000000000062e+00
-1.570000000000000062e+00
-1.570000000000000062e+00
4.299999999999999933e-01
4.299999999999999933e-01
4.299999999999999933e-01
-6.620000000000000107e+00
-6.620000000000000107e+00
-6.620000000000000107e+00
-1.889999999999999902e+00
-1.889999999999999902e+00
-1.889999999999999902e+00
-3.600000000000000089e+00
-3.600000000000000089e+00
-3.600000000000000089e+00
-6.176000000000000156e+00
-6.176000000000000156e+00
-6.176000000000000156e+00
-5.639999999999999680e+00
-5.639999999999999680e+00
-5.639999999999999680e+00
-6.237000000000000099e+00
-6.237000000000000099e+00
-6.237000000000000099e+00
7.900000000000000355e-01
7.900000000000000355e-01
7.900000000000000355e-01
-3.483000000000000096e+00
-3.483000000000000096e+00
-3.483000000000000096e+00
-5.679999999999999716e+00
-5.679999999999999716e+00
-5.679999999999999716e+00
-2.399999999999999911e-01
-2.399999999999999911e-01
-2.399999999999999911e-01
-4.660000000000000142e+00
-4.660000000000000142e+00
-4.660000000000000142e+00
-2.399999999999999911e+00
-2.399999999999999911e+00
-2.399999999999999911e+00
-1.360000000000000098e+00
-4.530000000000000249e+00
-4.530000000000000249e+00
-4.530000000000000249e+00
6.199999999999999956e-01
6.199999999999999956e-01
6.199999999999999956e-01
-3.795999999999999819e+00
-3.795999999999999819e+00
-3.795999999999999819e+00
-1.409999999999999920e+00
-1.409999999999999920e+00
-1.409999999999999920e+00
-3.080000000000000071e+00
-3.080000000000000071e+00
-3.080000000000000071e+00
-2.189999999999999947e+00
-2.189999999999999947e+00
-2.189999999999999947e+00
-3.400999999999999801e+00
-3.400999999999999801e+00
-3.400999999999999801e+00
-4.759999999999999787e+00
-4.759999999999999787e+00
-4.759999999999999787e+00
-1.449999999999999956e+00
-1.449999999999999956e+00
-1.449999999999999956e+00
-4.740000000000000213e+00
-4.740000000000000213e+00
-4.740000000000000213e+00
-4.879999999999999893e+00
-4.879999999999999893e+00
-4.879999999999999893e+00
-3.180000000000000160e+00
-3.180000000000000160e+00
-3.180000000000000160e+00
-2.460999999999999854e+00
-2.460999999999999854e+00
-2.460999999999999854e+00
-1.458000000000000185e+00
-1.458000000000000185e+00
-1.458000000000000185e+00
-2.299999999999999822e+00
-2.299999999999999822e+00
-2.299999999999999822e+00
-2.000000000000000000e+00
-2.000000000000000000e+00
-2.000000000000000000e+00
-1.614000000000000101e+00
-1.614000000000000101e+00
-1.614000000000000101e+00
-3.729999999999999982e+00
-3.729999999999999982e+00
-3.729999999999999982e+00
-6.860000000000000320e+00
-6.860000000000000320e+00
-6.860000000000000320e+00
-8.999999999999999667e-02
-8.999999999999999667e-02
-8.999999999999999667e-02
-7.337000000000001521e+00
-7.337000000000001521e+00
9.599999999999999645e-01
9.599999999999999645e-01
9.599999999999999645e-01
-6.199999999999999956e-01
-6.199999999999999956e-01
-6.199999999999999956e-01
-1.981000000000000094e+00
-1.981000000000000094e+00
-1.981000000000000094e+00
-1.300000000000000044e+00
-1.300000000000000044e+00
-1.300000000000000044e+00
-6.522999999999999687e+00
-6.522999999999999687e+00
-6.522999999999999687e+00
-1.159999999999999964e+01
-1.159999999999999964e+01
-1.159999999999999964e+01
-2.729999999999999982e+00
-2.729999999999999982e+00
-2.729999999999999982e+00
-1.995000000000000107e+00
-1.995000000000000107e+00
-1.995000000000000107e+00
-2.609999999999999876e+00
-2.609999999999999876e+00
-2.609999999999999876e+00
-3.323999999999999844e+00
-3.323999999999999844e+00
-3.323999999999999844e+00
-6.570000000000000284e+00
-6.570000000000000284e+00
-6.570000000000000284e+00
-6.290000000000000036e+00
-6.290000000000000036e+00
-6.290000000000000036e+00
-3.009999999999999787e+00
-3.009999999999999787e+00
-3.009999999999999787e+00
-6.559999999999999609e+00
-6.559999999999999609e+00
-6.559999999999999609e+00
-3.100000000000000089e+00
-3.750000000000000000e+00
-3.750000000000000000e+00
-3.750000000000000000e+00
-2.168000000000000149e+00
-2.168000000000000149e+00
-2.168000000000000149e+00
-2.029999999999999805e+00
-2.029999999999999805e+00
-2.029999999999999805e+00
-6.349999999999999645e+00
-6.349999999999999645e+00
-6.349999999999999645e+00
-8.299999999999999600e-01
-8.299999999999999600e-01
-8.299999999999999600e-01
-3.810000000000000053e+00
-3.810000000000000053e+00
-3.810000000000000053e+00
-3.930000000000000160e+00
-3.930000000000000160e+00
-3.930000000000000160e+00
-2.831000000000000405e+00
-2.831000000000000405e+00
-2.831000000000000405e+00
-4.709999999999999964e+00
-4.709999999999999964e+00
-4.709999999999999964e+00
-1.661000000000000032e+00
-1.661000000000000032e+00
-1.661000000000000032e+00
-2.419999999999999929e+00
-2.419999999999999929e+00
-2.419999999999999929e+00
-5.650000000000000355e+00
-5.650000000000000355e+00
-5.650000000000000355e+00
-1.709999999999999964e+00
-1.709999999999999964e+00
-1.709999999999999964e+00
-5.849999999999999645e+00
-5.849999999999999645e+00
-5.849999999999999645e+00
6.199999999999999956e-01
6.199999999999999956e-01
6.199999999999999956e-01
-3.899999999999999911e+00
-3.899999999999999911e+00
-3.899999999999999911e+00
-2.338000000000000078e+00
-2.338000000000000078e+00
-4.370000000000000107e+00
-4.370000000000000107e+00
-4.370000000000000107e+00
-4.099999999999999756e-01
-4.099999999999999756e-01
-4.099999999999999756e-01
-5.190000000000000391e+00
-5.190000000000000391e+00
-5.190000000000000391e+00
-3.259999999999999787e+00
-3.259999999999999787e+00
-3.259999999999999787e+00
-2.779999999999999805e+00
-2.779999999999999805e+00
-2.779999999999999805e+00
-5.240000000000000213e+00
-5.240000000000000213e+00
-5.240000000000000213e+00
-8.402000000000001023e+00
-8.402000000000001023e+00
-5.999999999999999778e-01
-5.999999999999999778e-01
-5.999999999999999778e-01
-2.089999999999999858e+00
-2.089999999999999858e+00
-2.089999999999999858e+00
-2.680000000000000160e+00
-2.680000000000000160e+00
-2.680000000000000160e+00
-1.826999999999999957e+00
-1.826999999999999957e+00
-1.826999999999999957e+00
-9.719999999999999751e-01
-9.719999999999999751e-01
-9.719999999999999751e-01
-5.382000000000001450e+00
-5.382000000000001450e+00
-5.382000000000001450e+00
-2.467999999999999972e+00
-2.467999999999999972e+00
-2.467999999999999972e+00
-8.333999999999999631e+00
-8.333999999999999631e+00
-8.333999999999999631e+00
-2.523000000000000131e+00
-2.523000000000000131e+00
-2.523000000000000131e+00
-4.190000000000000391e+00
-4.190000000000000391e+00
-4.190000000000000391e+00
-3.931000000000000050e+00
-3.931000000000000050e+00
-3.931000000000000050e+00
-1.080000000000000071e+00
-1.080000000000000071e+00
-1.080000000000000071e+00
2.800000000000000266e-01
2.800000000000000266e-01
2.800000000000000266e-01
-2.390000000000000124e+00
-2.390000000000000124e+00
-2.390000000000000124e+00
-2.549999999999999822e+00
-2.549999999999999822e+00
-2.549999999999999822e+00
-2.169999999999999929e+00
-2.169999999999999929e+00
-2.169999999999999929e+00
-3.589999999999999858e+00
-3.589999999999999858e+00
-3.589999999999999858e+00
-5.160000000000000142e+00
-5.160000000000000142e+00
-5.160000000000000142e+00
-1.520000000000000018e+00
-1.520000000000000018e+00
-1.520000000000000018e+00
-8.000000000000000444e-01
-8.000000000000000444e-01
-8.000000000000000444e-01
-4.110000000000000320e+00
-4.110000000000000320e+00
-4.110000000000000320e+00
-1.550000000000000044e+00
-1.550000000000000044e+00
-1.550000000000000044e+00
-4.402000000000000135e+00
-4.402000000000000135e+00
-4.402000000000000135e+00
-3.839999999999999858e+00
-3.839999999999999858e+00
-3.839999999999999858e+00
-1.169999999999999929e+00
-1.169999999999999929e+00
-3.540000000000000036e+00
-3.540000000000000036e+00
-3.540000000000000036e+00
-2.220000000000000195e+00
-2.220000000000000195e+00
-2.220000000000000195e+00
-5.540000000000000036e+00
-5.540000000000000036e+00
-5.540000000000000036e+00
-2.564000000000000057e+00
-2.564000000000000057e+00
-2.564000000000000057e+00
-1.469999999999999973e+00
-1.469999999999999973e+00
-1.469999999999999973e+00
-1.520000000000000018e+00
-1.520000000000000018e+00
-1.520000000000000018e+00
-1.959999999999999964e+00
-1.959999999999999964e+00
-1.959999999999999964e+00
-3.660000000000000142e+00
-3.660000000000000142e+00
-3.660000000000000142e+00
-3.770000000000000018e+00
-3.770000000000000018e+00
-3.770000000000000018e+00
-5.280000000000000249e+00
-5.280000000000000249e+00
-5.280000000000000249e+00
-2.560000000000000053e+00
-2.560000000000000053e+00
-2.560000000000000053e+00
-2.646999999999999797e+00
-2.646999999999999797e+00
-2.646999999999999797e+00
-4.660000000000000253e-01
-4.660000000000000253e-01
-4.660000000000000253e-01
-1.280000000000000027e+00
-1.280000000000000027e+00
-1.280000000000000027e+00
-8.230000000000000426e+00
-8.230000000000000426e+00
-8.230000000000000426e+00
-4.429999999999999716e+00
-4.429999999999999716e+00
-4.429999999999999716e+00
-4.120000000000000107e+00
-4.120000000000000107e+00
-4.120000000000000107e+00
-3.672000000000000153e+00
-3.672000000000000153e+00
-3.672000000000000153e+00
-4.059999999999999609e+00
-4.059999999999999609e+00
-4.059999999999999609e+00
-1.370000000000000107e+00
-1.370000000000000107e+00
-1.370000000000000107e+00
-4.469999999999999751e+00
-4.469999999999999751e+00
-4.469999999999999751e+00
-2.999999999999999889e-02
-2.999999999999999889e-02
-2.999999999999999889e-02
-5.839999999999999858e+00
-5.839999999999999858e+00
-5.839999999999999858e+00
-3.246000000000000441e+00
-3.246000000000000441e+00
-3.246000000000000441e+00
-8.299999999999999600e-01
-8.299999999999999600e-01
-8.299999999999999600e-01
-1.239999999999999991e+00
-1.239999999999999991e+00
-1.239999999999999991e+00
-3.209999999999999964e+00
-3.209999999999999964e+00
-3.209999999999999964e+00
-7.280000000000000249e+00
-7.280000000000000249e+00
-7.280000000000000249e+00
5.100000000000000089e-01
5.100000000000000089e-01
5.100000000000000089e-01
-2.692000000000000171e+00
-2.692000000000000171e+00
-2.692000000000000171e+00
-1.780000000000000027e+00
-1.780000000000000027e+00
-1.780000000000000027e+00
2.899999999999999800e-01
-2.810000000000000053e+00
-2.810000000000000053e+00
-2.810000000000000053e+00
-5.639999999999999680e+00
-5.639999999999999680e+00
-5.639999999999999680e+00
9.000000000000001055e-03
9.000000000000001055e-03
9.000000000000001055e-03
-2.890000000000000124e+00
-2.890000000000000124e+00
-2.890000000000000124e+00
-2.220000000000000195e+00
-2.220000000000000195e+00
-2.220000000000000195e+00
-1.250000000000000000e+00
-1.250000000000000000e+00
-1.250000000000000000e+00
-1.000000000000000021e-02
-1.000000000000000021e-02
-1.000000000000000021e-02
-7.429999999999999716e+00
-7.429999999999999716e+00
-7.429999999999999716e+00
-5.931000000000000050e+00
-5.931000000000000050e+00
-5.931000000000000050e+00
-3.620000000000000107e+00
-3.620000000000000107e+00
-3.620000000000000107e+00
-2.979999999999999982e+00
-2.979999999999999982e+00
-2.979999999999999982e+00
-7.150000000000000355e+00
-7.150000000000000355e+00
-7.150000000000000355e+00
-3.120000000000000107e+00
-3.120000000000000107e+00
-3.120000000000000107e+00
-1.520000000000000018e+00
-1.520000000000000018e+00
-1.520000000000000018e+00
-3.000000000000000000e+00
-3.000000000000000000e+00
-3.000000000000000000e+00
-4.199999999999999845e-01
-4.199999999999999845e-01
-4.199999999999999845e-01
-2.540000000000000036e+00
-2.540000000000000036e+00
-2.540000000000000036e+00
-2.509999999999999787e+00
-2.509999999999999787e+00
-2.509999999999999787e+00
-6.889999999999999680e+00
-6.889999999999999680e+00
-6.889999999999999680e+00
-2.310000000000000053e+00
-2.310000000000000053e+00
-2.859999999999999876e+00
-2.859999999999999876e+00
-2.859999999999999876e+00
6.509999999999999121e-01
6.509999999999999121e-01
6.509999999999999121e-01
-5.071000000000001506e+00
-5.071000000000001506e+00
-5.071000000000001506e+00
-5.666000000000000369e+00
-5.666000000000000369e+00
-5.666000000000000369e+00
-4.160000000000000142e+00
-4.160000000000000142e+00
-4.160000000000000142e+00
-1.929999999999999938e+00
-1.929999999999999938e+00
-1.929999999999999938e+00
-3.180000000000000160e+00
-3.180000000000000160e+00
-3.180000000000000160e+00
-6.679999999999999716e+00
-6.679999999999999716e+00
-6.679999999999999716e+00
-7.320000000000000284e+00
-7.320000000000000284e+00
-7.320000000000000284e+00
-2.740000000000000213e+00
-2.740000000000000213e+00
-2.740000000000000213e+00
-4.500000000000000111e-01
-4.500000000000000111e-01
-5.459999999999999964e+00
-5.459999999999999964e+00
-5.459999999999999964e+00
-5.429999999999999716e+00
-5.429999999999999716e+00
-5.429999999999999716e+00
-3.680000000000000160e+00
-3.680000000000000160e+00
-3.680000000000000160e+00
-1.100000000000000089e+00
-1.100000000000000089e+00
-1.100000000000000089e+00
-4.889999999999999680e+00
-4.889999999999999680e+00
-4.889999999999999680e+00
-1.820000000000000062e+00
-1.820000000000000062e+00
-1.820000000000000062e+00
-3.639999999999999902e-01
-3.639999999999999902e-01
-3.639999999999999902e-01
-1.300000000000000044e+00
-1.300000000000000044e+00
-1.300000000000000044e+00
-4.099999999999999756e-01
-4.099999999999999756e-01
-4.099999999999999756e-01
-7.800000000000000266e-01
-7.800000000000000266e-01
-7.800000000000000266e-01
-2.209999999999999964e+00
-2.209999999999999964e+00
-2.209999999999999964e+00
-4.000000000000000222e-01
-4.000000000000000222e-01
-4.000000000000000222e-01
8.100000000000000533e-01
8.100000000000000533e-01
8.100000000000000533e-01
-1.629999999999999893e+00
-1.629999999999999893e+00
-1.629999999999999893e+00
-4.200000000000000178e+00
-4.200000000000000178e+00
-4.200000000000000178e+00
-2.016000000000000014e+00
-2.016000000000000014e+00
-2.016000000000000014e+00
-5.889999999999999680e+00
-5.889999999999999680e+00
-5.889999999999999680e+00
-4.440000000000000391e+00
-4.440000000000000391e+00
-4.440000000000000391e+00
4.699999999999999734e-01
4.699999999999999734e-01
4.699999999999999734e-01
-5.184000000000000163e+00
-5.184000000000000163e+00
-5.184000000000000163e+00
1.100000000000000089e+00
1.100000000000000089e+00
1.100000000000000089e+00
-2.330000000000000071e+00
-2.330000000000000071e+00
-2.330000000000000071e+00
-4.570000000000000284e+00
-4.570000000000000284e+00
-4.570000000000000284e+00
-5.240000000000000213e+00
-5.240000000000000213e+00
-5.240000000000000213e+00
-3.359999999999999876e+00
-3.359999999999999876e+00
-3.359999999999999876e+00
-5.269999999999999574e+00
-5.269999999999999574e+00
-5.269999999999999574e+00
-1.979999999999999982e+00
-1.979999999999999982e+00
-1.979999999999999982e+00
-7.799999999999999822e+00
-7.799999999999999822e+00
-7.799999999999999822e+00
-6.291000000000000369e+00
-6.291000000000000369e+00
-2.049999999999999822e+00
-2.049999999999999822e+00
-2.049999999999999822e+00
-1.076999999999999957e+00
-1.076999999999999957e+00
-1.076999999999999957e+00
-2.089999999999999858e+00
-2.089999999999999858e+00
-2.089999999999999858e+00
-2.160000000000000142e+00
-2.160000000000000142e+00
-2.160000000000000142e+00
-3.649999999999999911e+00
-3.649999999999999911e+00
-3.649999999999999911e+00
-5.736000000000001542e+00
-5.736000000000001542e+00
-5.736000000000001542e+00
-6.999999999999999556e-01
-6.999999999999999556e-01
-6.999999999999999556e-01
-3.583000000000000185e+00
-3.583000000000000185e+00
-3.583000000000000185e+00
-2.049999999999999822e+00
-2.049999999999999822e+00
-2.049999999999999822e+00
-1.600999999999999979e+00
-1.600999999999999979e+00
-1.600999999999999979e+00
-4.480000000000000426e+00
-4.480000000000000426e+00
-4.480000000000000426e+00
6.999999999999999556e-01
6.999999999999999556e-01
6.999999999999999556e-01
-3.180000000000000160e+00
-3.180000000000000160e+00
-3.180000000000000160e+00
-3.795999999999999819e+00
-3.795999999999999819e+00
-3.795999999999999819e+00
-8.199999999999999512e-01
-8.199999999999999512e-01
-8.199999999999999512e-01
-2.770000000000000018e+00
-2.770000000000000018e+00
-2.770000000000000018e+00
-1.969999999999999973e+00
-1.969999999999999973e+00
-1.969999999999999973e+00
-2.253000000000000114e+00
-2.253000000000000114e+00
-2.253000000000000114e+00
-2.322000000000000064e+00
-2.322000000000000064e+00
-2.322000000000000064e+00
-4.690000000000000391e+00
-4.690000000000000391e+00
-4.690000000000000391e+00
-2.680000000000000160e+00
-2.680000000000000160e+00
-2.680000000000000160e+00
-7.919999999999999929e+00
-7.919999999999999929e+00
-7.919999999999999929e+00
-1.060000000000000053e+00
-1.060000000000000053e+00
-1.060000000000000053e+00
-1.989999999999999991e+00
-1.989999999999999991e+00
-1.989999999999999991e+00
-3.754000000000000004e+00
-3.754000000000000004e+00
-3.754000000000000004e+00
-4.230000000000000426e+00
-4.230000000000000426e+00
-4.230000000000000426e+00
-2.060000000000000053e+00
-2.060000000000000053e+00
-2.060000000000000053e+00
-4.570000000000000284e+00
-4.570000000000000284e+00
-4.570000000000000284e+00
-2.580000000000000071e+00
-2.580000000000000071e+00
-2.580000000000000071e+00
-3.390000000000000124e+00
-3.390000000000000124e+00
-3.390000000000000124e+00
-7.299999999999999822e-01
-7.299999999999999822e-01
-7.299999999999999822e-01
-4.173000000000000043e+00
-4.173000000000000043e+00
-4.173000000000000043e+00
-1.800000000000000044e+00
-1.800000000000000044e+00
-1.800000000000000044e+00
-3.680000000000000160e+00
-3.680000000000000160e+00
-3.680000000000000160e+00
-4.678999999999998494e+00
-4.678999999999998494e+00
-4.678999999999998494e+00
-4.120000000000000107e+00
-4.120000000000000107e+00
-4.120000000000000107e+00
-3.099999999999999978e-01
-3.099999999999999978e-01
-3.099999999999999978e-01
-1.540000000000000036e+00
-1.540000000000000036e+00
-1.540000000000000036e+00
-1.110000000000000098e+00
-1.110000000000000098e+00
-1.110000000000000098e+00
-2.592999999999999972e+00
-2.592999999999999972e+00
-2.592999999999999972e+00
-3.100000000000000089e+00
-3.100000000000000089e+00
-3.100000000000000089e+00
-8.400000000000000355e+00
-8.400000000000000355e+00
-8.400000000000000355e+00
-3.927000000000000046e+00
-3.927000000000000046e+00
-3.927000000000000046e+00
-4.429999999999999716e+00
-4.429999999999999716e+00
-4.429999999999999716e+00
-3.224000000000000199e+00
-3.224000000000000199e+00
-3.224000000000000199e+00
-1.770000000000000018e+00
-1.770000000000000018e+00
-1.770000000000000018e+00
-3.060000000000000053e+00
-3.060000000000000053e+00
-3.060000000000000053e+00
-4.629999999999999893e+00
-4.629999999999999893e+00
-4.629999999999999893e+00
-2.959999999999999964e+00
-2.959999999999999964e+00
-2.959999999999999964e+00
-6.199999999999999956e-01
-6.199999999999999956e-01
-6.199999999999999956e-01
-1.340000000000000080e+00
-1.340000000000000080e+00
-1.340000000000000080e+00
-4.620000000000000107e+00
-4.620000000000000107e+00
-4.620000000000000107e+00
-3.571000000000000174e+00
-3.571000000000000174e+00
-3.571000000000000174e+00
-1.802999999999999936e+00
-1.802999999999999936e+00
-1.802999999999999936e+00
-1.300000000000000044e+00
-1.300000000000000044e+00
-1.300000000000000044e+00
-6.959999999999999964e+00
-6.959999999999999964e+00
-6.959999999999999964e+00
-1.899999999999999911e+00
-1.899999999999999911e+00
-1.899999999999999911e+00
-1.959999999999999964e+00
-1.959999999999999964e+00
-1.959999999999999964e+00
-3.850000000000000089e+00
-3.850000000000000089e+00
-3.850000000000000089e+00
-1.280000000000000027e+00
-1.280000000000000027e+00
-1.280000000000000027e+00
-2.729999999999999982e+00
-2.729999999999999982e+00
-2.729999999999999982e+00
-5.559999999999999609e+00
-5.559999999999999609e+00
-5.559999999999999609e+00
-1.449999999999999956e+00
-1.449999999999999956e+00
-1.449999999999999956e+00
-3.040000000000000036e+00
-3.040000000000000036e+00
-3.040000000000000036e+00
-8.560000000000000497e+00
-8.560000000000000497e+00
-8.560000000000000497e+00
-5.669999999999999929e+00
-5.669999999999999929e+00
-5.669999999999999929e+00
-4.019999999999999574e+00
-4.019999999999999574e+00
-4.019999999999999574e+00
-3.029999999999999805e+00
-3.029999999999999805e+00
-3.029999999999999805e+00
-6.469999999999999751e+00
-6.469999999999999751e+00
-6.469999999999999751e+00
-1.455999999999999961e+00
-1.455999999999999961e+00
-1.455999999999999961e+00
-2.350000000000000089e+00
-2.350000000000000089e+00
-2.350000000000000089e+00
-3.680000000000000160e+00
-3.680000000000000160e+00
-3.680000000000000160e+00
-2.640000000000000124e+00
-4.748999999999999666e+00
-4.748999999999999666e+00
-4.748999999999999666e+00
-2.149999999999999911e+00
-2.149999999999999911e+00
-2.149999999999999911e+00
-3.028000000000000025e+00
-3.028000000000000025e+00
-3.028000000000000025e+00
-2.339999999999999858e+00
-2.339999999999999858e+00
-2.339999999999999858e+00
-2.819999999999999840e+00
-2.819999999999999840e+00
-2.819999999999999840e+00
-9.599999999999999645e-01
-9.599999999999999645e-01
-9.599999999999999645e-01
-2.322000000000000064e+00
-2.322000000000000064e+00
-2.322000000000000064e+00
-8.057000000000000384e+00
-8.057000000000000384e+00
-8.057000000000000384e+00
-4.631999999999999673e+00
-4.631999999999999673e+00
-4.631999999999999673e+00
-2.200000000000000011e-01
-2.200000000000000011e-01
-2.200000000000000011e-01
-1.399999999999999911e+00
-1.399999999999999911e+00
-1.399999999999999911e+00
-5.899999999999999689e-01
-5.899999999999999689e-01
-5.899999999999999689e-01
-7.199999999999999734e-01
-7.199999999999999734e-01
-7.199999999999999734e-01
-4.314000000000000057e+00
-4.314000000000000057e+00
-4.314000000000000057e+00
-1.620000000000000107e+00
-1.620000000000000107e+00
-1.620000000000000107e+00
-4.089999999999999858e+00
-4.089999999999999858e+00
-4.089999999999999858e+00
-2.439999999999999947e-01
-2.439999999999999947e-01
-2.439999999999999947e-01
-4.344999999999999751e+00
-4.344999999999999751e+00
-4.344999999999999751e+00
-5.160000000000000142e+00
-5.160000000000000142e+00
-5.160000000000000142e+00
-2.899999999999999800e-01
-2.899999999999999800e-01
-2.899999999999999800e-01
-4.432000000000000384e+00
-4.432000000000000384e+00
-4.432000000000000384e+00
-3.959999999999999964e+00
-3.959999999999999964e+00
-3.959999999999999964e+00
-4.299999999999999822e+00
-4.299999999999999822e+00
-4.299999999999999822e+00
-4.019999999999999574e+00
-4.019999999999999574e+00
-4.019999999999999574e+00
-2.680000000000000160e+00
-2.680000000000000160e+00
-2.680000000000000160e+00
-1.840000000000000080e+00
-1.840000000000000080e+00
-1.840000000000000080e+00
-4.379999999999999893e+00
-4.379999999999999893e+00
-4.379999999999999893e+00
-3.093999999999999861e+00
-3.093999999999999861e+00
-3.093999999999999861e+00
-2.919999999999999929e+00
-2.919999999999999929e+00
-2.919999999999999929e+00
-8.710000000000000853e+00
-8.710000000000000853e+00
-8.710000000000000853e+00
1.000000000000000056e-01
1.000000000000000056e-01
1.000000000000000056e-01
-4.360000000000000320e+00
-4.360000000000000320e+00
-4.360000000000000320e+00
-8.499999999999999778e-01
-8.499999999999999778e-01
-8.499999999999999778e-01
-2.878000000000000114e+00
-2.878000000000000114e+00
-2.878000000000000114e+00
-2.439999999999999947e+00
-2.439999999999999947e+00
-2.439999999999999947e+00
-3.109999999999999876e+00
-3.109999999999999876e+00
-3.109999999999999876e+00
-1.870000000000000107e+00
-1.870000000000000107e+00
-1.870000000000000107e+00
-1.379999999999999893e+00
-1.379999999999999893e+00
-1.379999999999999893e+00
-7.419999999999999929e-01
-7.419999999999999929e-01
-7.419999999999999929e-01
-1.679999999999999938e+00
-1.679999999999999938e+00
-1.679999999999999938e+00
-9.200000000000000400e-01
-9.200000000000000400e-01
-9.200000000000000400e-01
-3.149999999999999911e+00
-3.149999999999999911e+00
-3.149999999999999911e+00
-2.100000000000000089e+00
-2.100000000000000089e+00
-2.100000000000000089e+00
-3.900000000000000133e-01
-3.900000000000000133e-01
-3.900000000000000133e-01
3.200000000000000067e-01
3.200000000000000067e-01
3.200000000000000067e-01
-3.499000000000000110e+00
-3.499000000000000110e+00
-3.499000000000000110e+00
-4.150000000000000355e+00
-4.150000000000000355e+00
-4.150000000000000355e+00
-5.500000000000000444e-01
-5.500000000000000444e-01
-5.500000000000000444e-01
-4.160000000000000142e+00
-4.160000000000000142e+00
-4.160000000000000142e+00
-3.299999999999999822e+00
-3.299999999999999822e+00
-3.299999999999999822e+00
-3.759999999999999787e+00
-3.759999999999999787e+00
-3.759999999999999787e+00
1.070000000000000062e+00
1.070000000000000062e+00
1.070000000000000062e+00
-1.799999999999999933e-01
-1.799999999999999933e-01
-1.799999999999999933e-01
-4.804999999999999716e+00
-4.804999999999999716e+00
-4.804999999999999716e+00
-1.139999999999999902e+00
-1.139999999999999902e+00
-1.139999999999999902e+00
-7.399999999999999911e-01
-7.399999999999999911e-01
-7.399999999999999911e-01
-9.599999999999999645e-01
-9.599999999999999645e-01
-9.599999999999999645e-01
-5.469999999999999751e+00
-5.469999999999999751e+00
-5.469999999999999751e+00
-6.589999999999999858e+00
-6.589999999999999858e+00
-6.589999999999999858e+00
-3.370000000000000107e+00
-3.370000000000000107e+00
-3.370000000000000107e+00
-1.959999999999999964e+00
-1.959999999999999964e+00
-1.959999999999999964e+00
-6.999999999999999556e-01
-6.999999999999999556e-01
-6.999999999999999556e-01
-2.339999999999999858e+00
-2.339999999999999858e+00
-3.000000000000000000e+00
-3.000000000000000000e+00
-3.000000000000000000e+00
-5.360000000000000320e+00
-5.360000000000000320e+00
-5.360000000000000320e+00
-3.049999999999999822e+00
-3.049999999999999822e+00
-3.049999999999999822e+00
-1.639999999999999902e+00
-1.639999999999999902e+00
-1.639999999999999902e+00
-4.899999999999999911e-01
-4.899999999999999911e-01
-4.899999999999999911e-01
-8.199999999999999512e-01
-8.199999999999999512e-01
-8.199999999999999512e-01
-2.696000000000000174e+00
-2.696000000000000174e+00
-2.696000000000000174e+00
-1.280000000000000027e+00
-1.280000000000000027e+00
-1.280000000000000027e+00
-5.030000000000000249e+00
-5.030000000000000249e+00
-5.030000000000000249e+00
-4.530000000000000249e+00
-4.530000000000000249e+00
-4.530000000000000249e+00
-2.596000000000000085e+00
-2.596000000000000085e+00
-2.596000000000000085e+00
-3.379999999999999893e+00
-3.379999999999999893e+00
-3.379999999999999893e+00
-4.629999999999999893e+00
-4.629999999999999893e+00
-4.629999999999999893e+00
-6.959999999999999964e+00
-6.959999999999999964e+00
-6.959999999999999964e+00
-5.507000000000001450e+00
-5.507000000000001450e+00
-5.507000000000001450e+00
-4.639999999999999680e+00
-4.639999999999999680e+00
-4.754999999999999893e+00
-4.754999999999999893e+00
-4.754999999999999893e+00
-8.176000000000000156e+00
-8.176000000000000156e+00
-5.999999999999999778e-01
-5.999999999999999778e-01
-5.999999999999999778e-01
-6.999999999999999556e-01
-6.999999999999999556e-01
-6.999999999999999556e-01
-1.129999999999999893e+00
-1.129999999999999893e+00
-1.129999999999999893e+00
-3.785000000000000142e+00
-3.785000000000000142e+00
-3.785000000000000142e+00
-5.049999999999999822e+00
-5.049999999999999822e+00
-5.049999999999999822e+00
-1.340000000000000080e+00
-1.340000000000000080e+00
-1.340000000000000080e+00
-5.839000000000000412e+00
-5.839000000000000412e+00
-5.839000000000000412e+00
-1.030000000000000027e+00
-1.030000000000000027e+00
-1.030000000000000027e+00
-1.947000000000000064e+00
-1.947000000000000064e+00
-1.947000000000000064e+00
-3.479999999999999982e+00
-3.479999999999999982e+00
-3.479999999999999982e+00
-2.359999999999999876e+00
-2.359999999999999876e+00
-2.359999999999999876e+00
-3.999000000000000110e+00
-3.999000000000000110e+00
-3.999000000000000110e+00
-1.870000000000000107e+00
-1.870000000000000107e+00
-1.870000000000000107e+00
-1.340000000000000080e+00
-1.340000000000000080e+00
-1.340000000000000080e+00
-8.039999999999999147e+00
-8.039999999999999147e+00
-8.039999999999999147e+00
-6.019999999999999574e+00
-6.019999999999999574e+00
-6.019999999999999574e+00
-1.300000000000000044e+00
-1.300000000000000044e+00
-1.300000000000000044e+00
-4.046000000000000263e+00
-4.046000000000000263e+00
-4.046000000000000263e+00
-2.800000000000000266e-01
-2.800000000000000266e-01
-2.800000000000000266e-01
-8.000000000000000444e-01
-8.000000000000000444e-01
-8.000000000000000444e-01
-3.895999999999999908e+00
-3.895999999999999908e+00
-3.895999999999999908e+00
-5.049999999999999822e+00
-5.049999999999999822e+00
-5.049999999999999822e+00
-1.000000000000000000e+00
-1.000000000000000000e+00
-2.355999999999999872e+00
-2.355999999999999872e+00
-2.355999999999999872e+00
-4.879999999999999893e+00
-4.879999999999999893e+00
-4.879999999999999893e+00
-5.209999999999999964e+00
-5.209999999999999964e+00
-5.209999999999999964e+00
-4.540000000000000036e+00
-4.540000000000000036e+00
-4.540000000000000036e+00
-2.490000000000000213e+00
-2.490000000000000213e+00
-2.490000000000000213e+00
-5.459999999999999964e+00
-5.459999999999999964e+00
-5.459999999999999964e+00
-7.700000000000000178e-01
-7.700000000000000178e-01
-7.700000000000000178e-01
-3.350000000000000089e+00
-3.350000000000000089e+00
-3.350000000000000089e+00
-3.810000000000000053e+00
-3.810000000000000053e+00
-3.810000000000000053e+00
-2.229999999999999982e+00
-2.229999999999999982e+00
-2.229999999999999982e+00
-5.230000000000000426e+00
-5.230000000000000426e+00
-2.459999999999999964e+00
-2.459999999999999964e+00
-2.459999999999999964e+00
-1.300000000000000044e+00
-1.300000000000000044e+00
-1.300000000000000044e+00
-5.169999999999999929e+00
-5.169999999999999929e+00
-5.169999999999999929e+00
-5.613000000000000433e+00
-5.613000000000000433e+00
-5.613000000000000433e+00
-1.949999999999999956e+00
-1.949999999999999956e+00
-1.949999999999999956e+00
-2.549999999999999822e+00
-2.549999999999999822e+00
-2.549999999999999822e+00
-4.209999999999999964e+00
-4.209999999999999964e+00
-4.209999999999999964e+00
-3.604000000000000092e+00
-3.604000000000000092e+00
-3.604000000000000092e+00
-2.549999999999999822e+00
-2.549999999999999822e+00
-2.549999999999999822e+00
-2.850000000000000089e+00
-2.850000000000000089e+00
-2.850000000000000089e+00
-3.810000000000000053e+00
-3.810000000000000053e+00
-3.810000000000000053e+00
1.143999999999999906e+00
1.143999999999999906e+00
1.143999999999999906e+00
-3.850000000000000089e+00
-3.850000000000000089e+00
-3.850000000000000089e+00
-4.706000000000000405e+00
-4.706000000000000405e+00
-4.706000000000000405e+00
-4.924999999999999822e+00
-4.924999999999999822e+00
-4.924999999999999822e+00
-2.419999999999999929e+00
-2.419999999999999929e+00
-2.419999999999999929e+00
-4.376000000000000334e+00
-4.376000000000000334e+00
-4.376000000000000334e+00
-1.959999999999999964e+00
-1.959999999999999964e+00
-4.097000000000000419e+00
-4.097000000000000419e+00
-4.097000000000000419e+00
-3.955000000000000071e+00
-3.955000000000000071e+00
-3.955000000000000071e+00
-4.620000000000000107e+00
-4.620000000000000107e+00
-4.620000000000000107e+00
-3.040000000000000036e+00
-3.040000000000000036e+00
-3.040000000000000036e+00
-4.889999999999999680e+00
-4.889999999999999680e+00
-4.889999999999999680e+00
2.600000000000000089e-01
2.600000000000000089e-01
2.600000000000000089e-01
-2.862999999999999989e+00
-2.862999999999999989e+00
-2.862999999999999989e+00
-4.160000000000000142e+00
-4.160000000000000142e+00
-4.160000000000000142e+00
-5.115000000000000213e+00
-5.115000000000000213e+00
-5.115000000000000213e+00
-4.070000000000000284e+00
-4.070000000000000284e+00
-4.070000000000000284e+00
-2.290000000000000036e+00
-2.290000000000000036e+00
-2.290000000000000036e+00
-5.269999999999999574e+00
-5.269999999999999574e+00
-5.269999999999999574e+00
-7.900000000000000355e-01
-7.900000000000000355e-01
-3.586000000000000298e+00
-3.586000000000000298e+00
-3.586000000000000298e+00
-2.148000000000000131e+00
-2.148000000000000131e+00
-2.148000000000000131e+00
5.400000000000000355e-01
5.400000000000000355e-01
5.400000000000000355e-01
-5.282000000000000028e+00
-5.282000000000000028e+00
-5.282000000000000028e+00
-3.089999999999999858e+00
-3.089999999999999858e+00
-3.089999999999999858e+00
-2.982000000000000206e+00
-2.982000000000000206e+00
-2.982000000000000206e+00
-1.800000000000000044e+00
-1.800000000000000044e+00
-1.800000000000000044e+00
-7.959999999999999964e+00
-7.959999999999999964e+00
-7.959999999999999964e+00
-4.549999999999999822e+00
-4.549999999999999822e+00
-4.549999999999999822e+00
-6.876000000000000334e+00
-6.876000000000000334e+00
-6.876000000000000334e+00
-1.877000000000000002e+00
-1.877000000000000002e+00
-1.877000000000000002e+00
-2.459999999999999964e+00
-2.459999999999999964e+00
-2.459999999999999964e+00
-3.430000000000000160e+00
-3.430000000000000160e+00
-3.430000000000000160e+00
-4.259999999999999787e+00
-4.259999999999999787e+00
-4.259999999999999787e+00
-1.900000000000000022e-01
-1.900000000000000022e-01
-1.900000000000000022e-01
-3.660000000000000142e+00
-3.660000000000000142e+00
-3.660000000000000142e+00
-9.018000000000000682e+00
-9.018000000000000682e+00
-9.018000000000000682e+00
-3.370000000000000107e+00
-3.370000000000000107e+00
-3.370000000000000107e+00
-3.951999999999999957e+00
-3.951999999999999957e+00
-3.951999999999999957e+00
5.230000000000000204e-01
5.230000000000000204e-01
5.230000000000000204e-01
-1.499999999999999944e-01
-1.499999999999999944e-01
-1.499999999999999944e-01
-3.220000000000000195e+00
-3.220000000000000195e+00
-3.220000000000000195e+00
-1.169999999999999929e+00
-1.169999999999999929e+00
-5.259000000000000341e+00
-5.259000000000000341e+00
-5.259000000000000341e+00
-3.493000000000000327e+00
-3.493000000000000327e+00
-3.493000000000000327e+00
-1.850000000000000089e+00
-1.850000000000000089e+00
-1.850000000000000089e+00
-6.900000000000000355e+00
-6.900000000000000355e+00
-6.900000000000000355e+00
-2.927999999999999936e+00
-2.927999999999999936e+00
-2.927999999999999936e+00
4.299999999999999933e-01
4.299999999999999933e-01
4.299999999999999933e-01
-5.349999999999999645e+00
-5.349999999999999645e+00
-5.349999999999999645e+00
-1.489999999999999991e+00
-1.489999999999999991e+00
-1.489999999999999991e+00
-8.017000000000001236e+00
-8.017000000000001236e+00
-2.478000000000000203e+00
-2.478000000000000203e+00
-2.478000000000000203e+00
-2.680000000000000160e+00
-2.680000000000000160e+00
-2.680000000000000160e+00
-3.279999999999999805e+00
-3.279999999999999805e+00
-3.279999999999999805e+00
-3.529999999999999805e+00
-3.529999999999999805e+00
-3.529999999999999805e+00
-2.410000000000000142e+00
-2.410000000000000142e+00
-2.410000000000000142e+00
-4.700000000000000178e+00
-4.700000000000000178e+00
-4.700000000000000178e+00
-2.279999999999999805e+00
-2.279999999999999805e+00
-2.279999999999999805e+00
-2.580000000000000071e+00
-2.580000000000000071e+00
-2.580000000000000071e+00
-4.081000000000000405e+00
-4.081000000000000405e+00
-4.081000000000000405e+00
-4.871000000000000441e+00
-4.871000000000000441e+00
-4.871000000000000441e+00
-4.219999999999999751e+00
-4.219999999999999751e+00
-4.219999999999999751e+00
-4.429999999999999716e+00
-4.429999999999999716e+00
-4.429999999999999716e+00
-2.350000000000000089e+00
-2.350000000000000089e+00
-2.350000000000000089e+00
-3.419999999999999929e+00
-3.419999999999999929e+00
-3.419999999999999929e+00
-1.209999999999999964e+00
-1.209999999999999964e+00
-1.209999999999999964e+00
-6.199999999999999956e-01
-6.199999999999999956e-01
-6.199999999999999956e-01
-5.509999999999999787e+00
-5.509999999999999787e+00
-5.509999999999999787e+00
-5.696000000000001506e+00
-5.696000000000001506e+00
-5.696000000000001506e+00
-3.657999999999999918e+00
-3.657999999999999918e+00
-3.657999999999999918e+00
-4.000000000000000222e-01
-6.980000000000000426e+00
-6.980000000000000426e+00
-6.980000000000000426e+00
-1.239999999999999991e+00
-1.239999999999999991e+00
-1.239999999999999991e+00
-4.290000000000000036e+00
-4.290000000000000036e+00
-4.290000000000000036e+00
-6.300000000000000044e-01
-6.300000000000000044e-01
-4.907000000000000028e+00
-4.907000000000000028e+00
-4.907000000000000028e+00
-4.799000000000000377e+00
-4.799000000000000377e+00
-4.799000000000000377e+00
-3.589999999999999858e+00
-3.589999999999999858e+00
-3.589999999999999858e+00
-3.270000000000000018e+00
-3.270000000000000018e+00
-3.270000000000000018e+00
-3.459999999999999964e+00
-3.459999999999999964e+00
-3.459999999999999964e+00
-2.029999999999999805e+00
-2.029999999999999805e+00
-2.029999999999999805e+00
-2.109999999999999876e+00
-2.109999999999999876e+00
-2.109999999999999876e+00
-1.290000000000000036e+00
-1.290000000000000036e+00
-1.290000000000000036e+00
-4.549999999999999822e+00
-4.549999999999999822e+00
-4.549999999999999822e+00
-2.240000000000000213e+00
-2.240000000000000213e+00
-2.240000000000000213e+00
-4.629999999999999893e+00
-4.629999999999999893e+00
-4.629999999999999893e+00
-5.915000000000000036e+00
-5.915000000000000036e+00
-5.915000000000000036e+00
-4.929999999999999716e+00
-4.929999999999999716e+00
-4.929999999999999716e+00
-2.779999999999999805e+00
-2.779999999999999805e+00
-2.779999999999999805e+00
7.149999999999999689e-01
7.149999999999999689e-01
7.149999999999999689e-01
-2.319999999999999840e+00
-2.319999999999999840e+00
-3.759999999999999787e+00
-3.759999999999999787e+00
-3.759999999999999787e+00
-3.504000000000000004e+00
-3.504000000000000004e+00
-3.504000000000000004e+00
-4.349999999999999645e+00
-4.349999999999999645e+00
-4.349999999999999645e+00
-6.490000000000000213e+00
-6.490000000000000213e+00
-6.490000000000000213e+00
-2.370000000000000107e+00
-2.370000000000000107e+00
-2.370000000000000107e+00
-1.989999999999999991e+00
-1.989999999999999991e+00
-1.989999999999999991e+00
-2.770000000000000018e+00
-2.770000000000000018e+00
-2.770000000000000018e+00
-4.000000000000000000e+00
-4.000000000000000000e+00
-4.000000000000000000e+00
-2.799999999999999822e+00
-2.799999999999999822e+00
-2.799999999999999822e+00
-3.520000000000000018e+00
-3.520000000000000018e+00
-3.520000000000000018e+00
-6.509999999999999787e+00
-6.509999999999999787e+00
-6.509999999999999787e+00
-1.189999999999999947e+00
-1.189999999999999947e+00
-1.189999999999999947e+00
-4.799999999999999822e+00
-4.799999999999999822e+00
-4.799999999999999822e+00
-6.139999999999999680e+00
-6.139999999999999680e+00
-6.139999999999999680e+00
-8.499999999999999778e-01
-8.499999999999999778e-01
-8.499999999999999778e-01
-6.800000000000000488e-01
-6.800000000000000488e-01
-6.800000000000000488e-01
-4.000000000000000000e+00
-4.000000000000000000e+00
-4.000000000000000000e+00
-3.599999999999999867e-01
-3.599999999999999867e-01
-3.599999999999999867e-01
-2.943000000000000060e+00
-2.943000000000000060e+00
-2.943000000000000060e+00
-2.295999999999999819e+00
-2.295999999999999819e+00
-2.295999999999999819e+00
-2.410000000000000142e+00
-2.410000000000000142e+00
-2.410000000000000142e+00
-3.850000000000000089e+00
-3.850000000000000089e+00
-3.850000000000000089e+00
-1.739999999999999991e+00
-1.739999999999999991e+00
-1.739999999999999991e+00
-2.369000000000000217e+00
-2.369000000000000217e+00
-2.369000000000000217e+00
-6.250000000000000000e+00
-6.250000000000000000e+00
-6.250000000000000000e+00
-4.169999999999999929e+00
-4.169999999999999929e+00
-4.169999999999999929e+00
-2.799999999999999822e+00
-2.799999999999999822e+00
-2.799999999999999822e+00
-6.725999999999999979e+00
-6.725999999999999979e+00
-6.725999999999999979e+00
1.020000000000000018e+00
1.020000000000000018e+00
1.020000000000000018e+00
-4.699999999999999734e-01
-4.699999999999999734e-01
-4.699999999999999734e-01
-1.320000000000000062e+00
-1.320000000000000062e+00
-1.320000000000000062e+00
-3.459999999999999964e+00
-3.459999999999999964e+00
-3.459999999999999964e+00
-2.350000000000000089e+00
-2.350000000000000089e+00
-2.350000000000000089e+00
-9.000000000000000222e-01
-7.200000000000000178e+00
-7.200000000000000178e+00
-7.200000000000000178e+00
-5.370000000000000107e+00
-5.370000000000000107e+00
-5.370000000000000107e+00
3.900000000000000133e-01
3.900000000000000133e-01
3.900000000000000133e-01
-7.199999999999999734e-01
-7.199999999999999734e-01
-7.199999999999999734e-01
-8.939999999999999503e+00
-8.939999999999999503e+00
-8.939999999999999503e+00
-2.616000000000000103e+00
-2.616000000000000103e+00
-2.616000000000000103e+00
-2.279999999999999805e+00
-2.279999999999999805e+00
-2.279999999999999805e+00
-2.000000000000000042e-02
-2.000000000000000042e-02
-2.000000000000000042e-02
-7.321000000000001506e+00
-7.321000000000001506e+00
-7.321000000000001506e+00
-2.479999999999999982e+00
-2.479999999999999982e+00
-2.479999999999999982e+00
-5.599999999999999645e+00
-5.599999999999999645e+00
-5.599999999999999645e+00
-1.500000000000000000e+00
-1.500000000000000000e+00
-1.500000000000000000e+00
-2.180000000000000160e+00
-2.180000000000000160e+00
-2.180000000000000160e+00
-3.640000000000000124e+00
-3.640000000000000124e+00
-3.640000000000000124e+00
-4.600000000000000200e-01
-4.600000000000000200e-01
-4.600000000000000200e-01
-4.799999999999999822e+00
-4.799999999999999822e+00
-4.799999999999999822e+00
-7.200000000000000178e+00
-7.200000000000000178e+00
-7.200000000000000178e+00
-3.240000000000000213e+00
-3.240000000000000213e+00
-3.240000000000000213e+00
-4.040000000000000036e+00
-4.040000000000000036e+00
-4.040000000000000036e+00
-2.859999999999999876e+00
-2.859999999999999876e+00
-2.859999999999999876e+00
-4.883000000000000007e+00
-4.883000000000000007e+00
-4.883000000000000007e+00
-4.230000000000000426e+00
-4.230000000000000426e+00
-4.230000000000000426e+00
-2.169999999999999929e+00
-2.169999999999999929e+00
-2.169999999999999929e+00
3.200000000000000067e-01
3.200000000000000067e-01
3.200000000000000067e-01
-5.030000000000000249e+00
-5.030000000000000249e+00
-5.030000000000000249e+00
-8.000000000000000000e+00
-8.000000000000000000e+00
-8.000000000000000000e+00
-6.239999999999999991e-01
-6.239999999999999991e-01
-6.239999999999999991e-01
-8.599999999999999645e+00
-8.599999999999999645e+00
-8.599999999999999645e+00
-5.752000000000001556e+00
-5.752000000000001556e+00
-5.752000000000001556e+00
-9.499999999999999556e-01
-9.499999999999999556e-01
-9.499999999999999556e-01
-2.266000000000000014e+00
-2.266000000000000014e+00
-2.266000000000000014e+00
-3.700000000000000178e+00
-3.700000000000000178e+00
-3.700000000000000178e+00
-2.669999999999999929e+00
-2.669999999999999929e+00
-2.669999999999999929e+00
0.000000000000000000e+00
0.000000000000000000e+00
0.000000000000000000e+00
-2.350000000000000089e+00
-2.350000000000000089e+00
-2.350000000000000089e+00
-2.153999999999999915e+00
-2.153999999999999915e+00
-2.153999999999999915e+00
-3.959999999999999964e+00
-3.959999999999999964e+00
-3.959999999999999964e+00
-4.769999999999999574e+00
-4.769999999999999574e+00
-4.769999999999999574e+00
-1.830000000000000071e+00
-1.830000000000000071e+00
-1.830000000000000071e+00
-2.459999999999999964e+00
-2.459999999999999964e+00
-2.459999999999999964e+00
-4.309999999999999609e+00
-4.309999999999999609e+00
-1.729999999999999982e+00
-1.729999999999999982e+00
-1.729999999999999982e+00
-7.820000000000000284e+00
-7.820000000000000284e+00
-7.820000000000000284e+00
-2.779999999999999805e+00
-2.779999999999999805e+00
-2.779999999999999805e+00
-3.609999999999999876e+00
-3.609999999999999876e+00
-3.609999999999999876e+00
-8.698999999999999844e+00
-8.698999999999999844e+00
-8.698999999999999844e+00
-3.569999999999999840e+00
-3.569999999999999840e+00
-3.569999999999999840e+00
-4.459999999999999964e+00
-4.459999999999999964e+00
-4.459999999999999964e+00
-2.680000000000000160e+00
-2.680000000000000160e+00
-2.680000000000000160e+00
-3.839999999999999858e+00
-3.839999999999999858e+00
-3.839999999999999858e+00
-3.220000000000000195e+00
-3.220000000000000195e+00
-3.220000000000000195e+00
-3.370000000000000107e+00
-3.370000000000000107e+00
-3.370000000000000107e+00
-1.959999999999999964e+00
-1.959999999999999964e+00
-1.959999999999999964e+00
-6.600000000000000311e-01
-6.600000000000000311e-01
-6.600000000000000311e-01
-3.892999999999999794e+00
-3.892999999999999794e+00
-3.892999999999999794e+00
-6.670000000000000373e-01
-6.670000000000000373e-01
-6.670000000000000373e-01
-3.089999999999999858e+00
-3.089999999999999858e+00
-3.089999999999999858e+00
-6.009999999999999787e+00
-6.009999999999999787e+00
-6.009999999999999787e+00
5.799999999999999600e-01
5.799999999999999600e-01
5.799999999999999600e-01
1.059999999999999970e-01
1.059999999999999970e-01
1.059999999999999970e-01
-4.250000000000000000e+00
-4.250000000000000000e+00
-4.250000000000000000e+00
-1.090000000000000080e+00
-1.090000000000000080e+00
-1.090000000000000080e+00
-7.799999999999999822e+00
-7.799999999999999822e+00
-7.799999999999999822e+00
-4.000000000000000222e-01
-4.000000000000000222e-01
-4.000000000000000222e-01
-3.359999999999999876e+00
-3.359999999999999876e+00
-3.359999999999999876e+00
-5.000000000000000000e-01
-5.000000000000000000e-01
-5.000000000000000000e-01
-3.790000000000000036e+00
-3.790000000000000036e+00
-3.790000000000000036e+00
-2.120000000000000107e+00
-2.120000000000000107e+00
-2.120000000000000107e+00
-3.240000000000000213e+00
-3.240000000000000213e+00
-3.240000000000000213e+00
-2.581000000000000405e+00
-2.581000000000000405e+00
-2.581000000000000405e+00
-1.060000000000000053e+00
-1.060000000000000053e+00
-1.060000000000000053e+00
-2.919999999999999929e+00
-2.919999999999999929e+00
-2.919999999999999929e+00
-1.590000000000000080e+00
-1.590000000000000080e+00
-1.590000000000000080e+00
-7.660000000000000142e+00
-7.660000000000000142e+00
-7.660000000000000142e+00
-8.499999999999999778e-01
-8.499999999999999778e-01
-8.499999999999999778e-01
-1.700000000000000122e-01
-1.700000000000000122e-01
-1.700000000000000122e-01
1.580000000000000071e+00
1.580000000000000071e+00
1.580000000000000071e+00
-2.589999999999999858e+00
-2.589999999999999858e+00
-2.589999999999999858e+00
-5.269999999999999574e+00
-5.269999999999999574e+00
-5.269999999999999574e+00
-4.919999999999999929e+00
-4.919999999999999929e+00
-4.919999999999999929e+00
-4.634000000000000341e+00
-4.634000000000000341e+00
-4.634000000000000341e+00
-2.253000000000000114e+00
-2.253000000000000114e+00
-2.253000000000000114e+00
-3.168000000000000149e+00
-3.168000000000000149e+00
-3.168000000000000149e+00
-4.139999999999999680e+00
-4.139999999999999680e+00
-4.139999999999999680e+00
-2.819999999999999840e+00
-2.819999999999999840e+00
-2.819999999999999840e+00
-4.700000000000000178e+00
-4.700000000000000178e+00
-4.700000000000000178e+00
-1.770000000000000018e+00
-1.770000000000000018e+00
-1.770000000000000018e+00
-1.989999999999999991e+00
-1.989999999999999991e+00
-1.989999999999999991e+00
-1.060000000000000053e+00
-1.060000000000000053e+00
-1.060000000000000053e+00
-2.370000000000000107e+00
-2.370000000000000107e+00
-2.370000000000000107e+00
-2.319999999999999840e+00
-2.319999999999999840e+00
-2.319999999999999840e+00
-4.110000000000000320e+00
-4.110000000000000320e+00
-4.110000000000000320e+00
-1.439999999999999947e+00
-1.439999999999999947e+00
-1.439999999999999947e+00
-1.600000000000000089e+00
-1.600000000000000089e+00
-1.600000000000000089e+00
-2.676000000000000156e+00
-2.676000000000000156e+00
-2.676000000000000156e+00
-1.159999999999999920e+00
-1.159999999999999920e+00
-1.159999999999999920e+00
-4.000000000000000083e-02
-4.000000000000000083e-02
-4.000000000000000083e-02
-5.292999999999998373e+00
-5.292999999999998373e+00
-5.292999999999998373e+00
-1.919999999999999929e+00
-1.919999999999999929e+00
-1.919999999999999929e+00
-4.299999999999999822e+00
-4.299999999999999822e+00
-4.299999999999999822e+00
-2.180000000000000160e+00
-2.180000000000000160e+00
-2.180000000000000160e+00
-1.600000000000000089e+00
-1.600000000000000089e+00
-1.600000000000000089e+00
-4.099999999999999756e-01
-4.099999999999999756e-01
-4.099999999999999756e-01
-1.260000000000000009e+00
-1.260000000000000009e+00
-1.260000000000000009e+00
-9.799999999999999822e-01
-9.799999999999999822e-01
-9.799999999999999822e-01
-3.083000000000000185e+00
-3.083000000000000185e+00
-3.083000000000000185e+00
3.800000000000000044e-01
3.800000000000000044e-01
3.800000000000000044e-01
-4.589999999999999858e+00
-4.589999999999999858e+00
-4.589999999999999858e+00
-1.060000000000000053e+00
-1.060000000000000053e+00
-1.060000000000000053e+00
-6.290000000000000036e+00
-6.290000000000000036e+00
-6.290000000000000036e+00
-1.989999999999999991e+00
-1.989999999999999991e+00
-1.989999999999999991e+00
-3.040000000000000036e+00
-3.040000000000000036e+00
-3.040000000000000036e+00
-1.239999999999999991e+00
-1.239999999999999991e+00
-1.239999999999999991e+00
-1.340000000000000080e+00
-1.340000000000000080e+00
-1.340000000000000080e+00
-4.129999999999999893e+00
-4.129999999999999893e+00
-4.129999999999999893e+00
-2.000000000000000000e+00
-2.000000000000000000e+00
-2.000000000000000000e+00
-3.029999999999999805e+00
-3.029999999999999805e+00
-3.029999999999999805e+00
-3.180000000000000160e+00
-3.180000000000000160e+00
-3.180000000000000160e+00
-3.430000000000000160e+00
-3.430000000000000160e+00
-3.430000000000000160e+00
-1.219999999999999973e+00
-1.219999999999999973e+00
-1.219999999999999973e+00
-2.049999999999999822e+00
-2.049999999999999822e+00
-2.049999999999999822e+00
-2.339999999999999858e+00
-2.339999999999999858e+00
-2.339999999999999858e+00
-3.629999999999999893e+00
-3.629999999999999893e+00
-3.629999999999999893e+00
-8.009999999999999787e+00
-8.009999999999999787e+00
-8.009999999999999787e+00
-1.800000000000000044e+00
-1.800000000000000044e+00
-1.800000000000000044e+00
-2.000000000000000000e+00
-2.000000000000000000e+00
-2.000000000000000000e+00
-1.739999999999999991e+00
-1.739999999999999991e+00
-1.739999999999999991e+00
-3.299999999999999822e+00
-3.299999999999999822e+00
-3.299999999999999822e+00
-4.445000000000000284e+00
-4.445000000000000284e+00
-4.445000000000000284e+00
7.399999999999999911e-01
7.399999999999999911e-01
7.399999999999999911e-01
-7.399999999999999911e-01
-7.399999999999999911e-01
-7.399999999999999911e-01
-3.370000000000000107e+00
-3.370000000000000107e+00
-3.370000000000000107e+00
-2.740000000000000213e+00
-2.740000000000000213e+00
-2.740000000000000213e+00
-2.399999999999999911e-01
-2.399999999999999911e-01
-2.399999999999999911e-01
-5.190000000000000391e+00
-5.190000000000000391e+00
-5.190000000000000391e+00
-3.549999999999999822e+00
-3.549999999999999822e+00
-3.549999999999999822e+00
-4.070000000000000284e+00
-4.070000000000000284e+00
-4.070000000000000284e+00
-4.000000000000000222e-01
-4.000000000000000222e-01
-4.000000000000000222e-01
-3.149999999999999911e+00
-3.149999999999999911e+00
-3.149999999999999911e+00
-1.655000000000000027e+00
-1.655000000000000027e+00
-1.655000000000000027e+00
-9.200000000000000400e-01
-9.200000000000000400e-01
-9.200000000000000400e-01
-2.069999999999999840e+00
-2.069999999999999840e+00
-2.069999999999999840e+00
-4.873000000000000220e+00
-4.873000000000000220e+00
-4.873000000000000220e+00
-6.089999999999999858e+00
-6.089999999999999858e+00
-6.089999999999999858e+00
-1.459999999999999964e+00
-1.459999999999999964e+00
-1.459999999999999964e+00
-3.540000000000000036e+00
-3.540000000000000036e+00
-3.540000000000000036e+00
-1.550000000000000044e+00
-1.550000000000000044e+00
-1.550000000000000044e+00
-6.009999999999999787e+00
-6.009999999999999787e+00
-6.009999999999999787e+00
-8.070000000000000506e-01
-8.070000000000000506e-01
-8.070000000000000506e-01
-2.669999999999999929e+00
-2.669999999999999929e+00
-2.669999999999999929e+00
-5.152999999999999581e+00
-5.152999999999999581e+00
-5.152999999999999581e+00
-2.700000000000000178e+00
-2.700000000000000178e+00
-2.700000000000000178e+00
-3.899999999999999911e+00
-3.899999999999999911e+00
-3.899999999999999911e+00
-6.025000000000000355e+00
-6.025000000000000355e+00
-2.281000000000000139e+00
-2.281000000000000139e+00
-2.281000000000000139e+00
-4.799999999999999822e+00
-4.799999999999999822e+00
-4.799999999999999822e+00
-1.370000000000000107e+00
-1.370000000000000107e+00
-1.370000000000000107e+00
-7.009999999999999787e+00
-7.009999999999999787e+00
-7.009999999999999787e+00
-3.129999999999999893e+00
-3.129999999999999893e+00
-3.129999999999999893e+00
-3.009999999999999787e+00
-3.009999999999999787e+00
-3.009999999999999787e+00
-5.209999999999999964e+00
-5.209999999999999964e+00
-5.209999999999999964e+00
-4.400000000000000022e-01
-4.400000000000000022e-01
-4.400000000000000022e-01
-3.680000000000000160e+00
-3.680000000000000160e+00
-3.680000000000000160e+00
-2.240000000000000213e+00
-2.240000000000000213e+00
-2.240000000000000213e+00
-8.000000000000000444e-01
-8.000000000000000444e-01
-8.000000000000000444e-01
-4.370000000000000107e+00
-4.370000000000000107e+00
-4.370000000000000107e+00
2.000000000000000042e-02
2.000000000000000042e-02
2.000000000000000042e-02
-4.370000000000000107e+00
-4.370000000000000107e+00
-4.370000000000000107e+00
-5.886000000000000121e+00
-5.886000000000000121e+00
-5.886000000000000121e+00
-7.389999999999999680e+00
-7.389999999999999680e+00
-7.389999999999999680e+00
-2.629999999999999893e+00
-2.629999999999999893e+00
-2.629999999999999893e+00
-1.080000000000000071e+00
-1.080000000000000071e+00
-1.080000000000000071e+00
-3.589999999999999858e+00
-3.589999999999999858e+00
-3.589999999999999858e+00
-8.599999999999999645e+00
-8.599999999999999645e+00
-8.599999999999999645e+00
-7.419999999999999929e+00
-7.419999999999999929e+00
-7.419999999999999929e+00
-1.949999999999999956e+00
-1.949999999999999956e+00
-1.949999999999999956e+00
6.400000000000000133e-01
6.400000000000000133e-01
6.400000000000000133e-01
-3.040000000000000036e+00
-3.040000000000000036e+00
-3.040000000000000036e+00
-3.669999999999999929e+00
-3.669999999999999929e+00
-3.669999999999999929e+00
-1.290000000000000036e+00
-1.290000000000000036e+00
-1.290000000000000036e+00
-3.189999999999999947e+00
-3.189999999999999947e+00
-3.189999999999999947e+00
-3.049999999999999822e+00
-3.049999999999999822e+00
-3.049999999999999822e+00
-2.273000000000000131e+00
-2.273000000000000131e+00
-2.273000000000000131e+00
-3.509999999999999787e+00
5.999999999999999778e-02
5.999999999999999778e-02
5.999999999999999778e-02
-3.685000000000000053e+00
-3.685000000000000053e+00
-3.685000000000000053e+00
-1.600000000000000089e+00
-1.600000000000000089e+00
-1.600000000000000089e+00
-3.180000000000000160e+00
-3.180000000000000160e+00
-3.180000000000000160e+00
-7.919999999999999929e+00
-7.919999999999999929e+00
-7.919999999999999929e+00
1.020000000000000018e+00
1.020000000000000018e+00
1.020000000000000018e+00
-6.349999999999999645e+00
-6.349999999999999645e+00
-6.349999999999999645e+00
-4.411000000000000476e+00
-4.411000000000000476e+00
-4.411000000000000476e+00
1.110000000000000098e+00
1.110000000000000098e+00
1.110000000000000098e+00
-2.924999999999999822e+00
-2.924999999999999822e+00
-2.924999999999999822e+00
-6.799999999999999822e+00
-6.799999999999999822e+00
-6.799999999999999822e+00
1.499999999999999944e-01
1.499999999999999944e-01
1.499999999999999944e-01
-1.939999999999999947e+00
-1.939999999999999947e+00
-1.939999999999999947e+00
-4.553999999999998494e+00
-4.553999999999998494e+00
-4.553999999999998494e+00
-8.499999999999999778e-01
-8.499999999999999778e-01
-8.499999999999999778e-01
-4.709999999999999964e+00
-4.709999999999999964e+00
-4.709999999999999964e+00
-5.232999999999999652e+00
-5.232999999999999652e+00
-5.232999999999999652e+00
-8.490000000000000213e+00
-8.490000000000000213e+00
-8.490000000000000213e+00
-1.739999999999999991e+00
-1.739999999999999991e+00
-1.739999999999999991e+00
-2.379999999999999893e+00
-2.379999999999999893e+00
-2.379999999999999893e+00
-5.719999999999999751e+00
-5.719999999999999751e+00
-5.719999999999999751e+00
-1.850000000000000089e+00
-1.850000000000000089e+00
-1.850000000000000089e+00
-3.799999999999999822e+00
-3.799999999999999822e+00
-3.799999999999999822e+00
-2.766000000000000014e+00
-2.766000000000000014e+00
-2.766000000000000014e+00
-3.169999999999999929e+00
-3.169999999999999929e+00
-3.169999999999999929e+00
-6.123999999999999666e+00
-6.123999999999999666e+00
-6.123999999999999666e+00
-1.919999999999999929e+00
-1.919999999999999929e+00
-1.919999999999999929e+00
-3.450000000000000178e+00
-3.450000000000000178e+00
-3.450000000000000178e+00
-4.240000000000000213e+00
-4.240000000000000213e+00
-4.240000000000000213e+00
-1.989000000000000101e+00
-1.989000000000000101e+00
-1.989000000000000101e+00
-2.435999999999999943e+00
-2.435999999999999943e+00
-2.435999999999999943e+00
-2.217999999999999972e+00
-2.217999999999999972e+00
-2.217999999999999972e+00
-6.300000000000000044e-01
-6.300000000000000044e-01
-6.300000000000000044e-01
-3.270000000000000018e+00
-3.270000000000000018e+00
-3.270000000000000018e+00
-3.779999999999999805e+00
-3.779999999999999805e+00
-3.779999999999999805e+00
-1.899000000000000021e+00
-1.899000000000000021e+00
-1.899000000000000021e+00
-7.700000000000000178e-01
-7.700000000000000178e-01
-7.700000000000000178e-01
-2.589999999999999858e+00
-2.589999999999999858e+00
-2.589999999999999858e+00
-5.999999999999999778e-01
-5.999999999999999778e-01
-5.999999999999999778e-01
-4.809999999999999609e+00
-4.809999999999999609e+00
-4.809999999999999609e+00
-5.240000000000000213e+00
-5.240000000000000213e+00
-5.240000000000000213e+00
-3.100000000000000089e+00
-3.100000000000000089e+00
-3.100000000000000089e+00
1.499999999999999944e-01
1.499999999999999944e-01
1.499999999999999944e-01
-4.735000000000000320e+00
-4.735000000000000320e+00
-4.735000000000000320e+00
-6.339999999999999858e+00
-6.339999999999999858e+00
-6.339999999999999858e+00
-8.499999999999999778e-01
-8.499999999999999778e-01
-8.499999999999999778e-01
-2.569999999999999840e+00
-2.569999999999999840e+00
-2.569999999999999840e+00
-1.290000000000000036e+00
-1.290000000000000036e+00
-1.290000000000000036e+00
1.090000000000000080e+00
1.090000000000000080e+00
1.090000000000000080e+00
-2.084000000000000075e+00
-2.084000000000000075e+00
-2.084000000000000075e+00
-5.820000000000000284e+00
-5.820000000000000284e+00
-5.820000000000000284e+00
-4.445000000000000284e+00
-4.445000000000000284e+00
-4.445000000000000284e+00
-4.955000000000000071e+00
-4.955000000000000071e+00
-4.955000000000000071e+00
-2.740000000000000213e+00
-2.740000000000000213e+00
-2.740000000000000213e+00
-1.506000000000000005e+00
-1.506000000000000005e+00
-1.506000000000000005e+00
-6.600000000000000311e-01
-6.600000000000000311e-01
-6.600000000000000311e-01
-5.100000000000000089e-01
-5.100000000000000089e-01
-5.100000000000000089e-01
-2.640000000000000124e+00
-2.640000000000000124e+00
-2.640000000000000124e+00
-3.126999999999999780e+00
-3.126999999999999780e+00
-3.126999999999999780e+00
-4.862000000000000099e+00
-4.862000000000000099e+00
-4.862000000000000099e+00
-4.593999999999998529e+00
-4.593999999999998529e+00
-4.593999999999998529e+00
-4.280000000000000249e+00
-4.280000000000000249e+00
-4.280000000000000249e+00
-5.059999999999999609e+00
-5.059999999999999609e+00
-5.059999999999999609e+00
-1.739999999999999991e+00
-1.739999999999999991e+00
-1.739999999999999991e+00
-1.639999999999999902e+00
-1.639999999999999902e+00
-1.639999999999999902e+00
-3.540000000000000036e+00
-3.540000000000000036e+00
-3.540000000000000036e+00
-1.850000000000000089e+00
-1.850000000000000089e+00
-1.850000000000000089e+00
6.099999999999999867e-01
6.099999999999999867e-01
6.099999999999999867e-01
-3.350000000000000089e+00
-3.350000000000000089e+00
-3.350000000000000089e+00
-7.110000000000000320e+00
-7.110000000000000320e+00
-7.110000000000000320e+00
-2.189999999999999947e+00
-2.189999999999999947e+00
-2.189999999999999947e+00
-2.220000000000000195e+00
-2.220000000000000195e+00
-2.220000000000000195e+00
3.200000000000000067e-01
3.200000000000000067e-01
3.200000000000000067e-01
-5.139999999999999680e+00
-5.139999999999999680e+00
-5.139999999999999680e+00
-6.000000000000000000e+00
-6.000000000000000000e+00
-6.000000000000000000e+00
-2.451999999999999957e+00
-2.451999999999999957e+00
-2.451999999999999957e+00
-3.538000000000000256e+00
-3.538000000000000256e+00
-3.538000000000000256e+00
-2.089999999999999858e+00
-2.089999999999999858e+00
-2.089999999999999858e+00
-2.209999999999999964e+00
-2.209999999999999964e+00
-2.209999999999999964e+00
-3.664000000000000146e+00
-3.664000000000000146e+00
-3.664000000000000146e+00
-4.059999999999999609e+00
-4.059999999999999609e+00
-4.059999999999999609e+00
-3.140000000000000124e+00
-3.140000000000000124e+00
-3.140000000000000124e+00
-1.699999999999999956e+00
-1.699999999999999956e+00
-1.699999999999999956e+00
-3.689999999999999947e+00
-3.689999999999999947e+00
-3.689999999999999947e+00
-3.120000000000000107e+00
-3.120000000000000107e+00
-3.120000000000000107e+00
-1.939999999999999947e+00
-1.939999999999999947e+00
-2.076999999999999957e+00
-2.076999999999999957e+00
-2.076999999999999957e+00
-7.099999999999999645e-01
-7.099999999999999645e-01
-7.099999999999999645e-01
1.340000000000000080e+00
1.340000000000000080e+00
1.340000000000000080e+00
-4.469999999999999751e+00
-4.469999999999999751e+00
-4.469999999999999751e+00
-4.400000000000000355e+00
-4.400000000000000355e+00
-4.400000000000000355e+00
-3.310000000000000053e+00
-3.310000000000000053e+00
-3.310000000000000053e+00
-3.879999999999999893e+00
-3.879999999999999893e+00
-3.879999999999999893e+00
-9.199999999999999845e-02
-9.199999999999999845e-02
-9.199999999999999845e-02
-2.569999999999999840e+00
-2.569999999999999840e+00
-2.569999999999999840e+00
-5.410000000000000142e+00
-5.410000000000000142e+00
-5.410000000000000142e+00
-2.620000000000000107e+00
-2.620000000000000107e+00
-2.620000000000000107e+00
-6.080000000000000071e+00
-6.080000000000000071e+00
-6.080000000000000071e+00
-1.169999999999999929e+00
-1.169999999999999929e+00
-1.169999999999999929e+00
2.600000000000000089e-01
2.600000000000000089e-01
2.600000000000000089e-01
-3.200000000000000178e+00
-3.200000000000000178e+00
-3.200000000000000178e+00
-1.620000000000000107e+00
-1.620000000000000107e+00
-1.620000000000000107e+00
-4.099999999999999645e+00
-4.099999999999999645e+00
-4.099999999999999645e+00
-3.290000000000000036e+00
-3.290000000000000036e+00
-3.290000000000000036e+00
-4.400000000000000355e+00
-4.400000000000000355e+00
-4.400000000000000355e+00
-2.919999999999999929e+00
-2.919999999999999929e+00
-2.919999999999999929e+00
-3.390000000000000124e+00
-3.390000000000000124e+00
-3.390000000000000124e+00
1.100000000000000006e-01
1.100000000000000006e-01
1.100000000000000006e-01
4.600000000000000200e-01
4.600000000000000200e-01
4.600000000000000200e-01
-4.360000000000000320e+00
-4.360000000000000320e+00
-4.360000000000000320e+00
-2.819999999999999840e+00
-2.819999999999999840e+00
-2.819999999999999840e+00
-8.499999999999999778e-01
-8.499999999999999778e-01
-8.499999999999999778e-01
-6.301000000000000156e+00
-6.301000000000000156e+00
-6.301000000000000156e+00
