3.450000000000000000e+02
3.450000000000000000e+02
3.450000000000000000e+02
4.370000000000000000e+02
4.370000000000000000e+02
4.370000000000000000e+02
3.360000000000000000e+02
3.360000000000000000e+02
3.360000000000000000e+02
4.280000000000000000e+02
4.280000000000000000e+02
4.280000000000000000e+02
4.000000000000000000e+02
4.000000000000000000e+02
4.000000000000000000e+02
5.450000000000000000e+02
5.450000000000000000e+02
5.450000000000000000e+02
4.320000000000000000e+02
4.320000000000000000e+02
4.320000000000000000e+02
3.630000000000000000e+02
3.630000000000000000e+02
3.630000000000000000e+02
4.320000000000000000e+02
4.320000000000000000e+02
4.320000000000000000e+02
5.120000000000000000e+02
5.120000000000000000e+02
5.120000000000000000e+02
4.400000000000000000e+02
4.400000000000000000e+02
4.400000000000000000e+02
4.130000000000000000e+02
4.130000000000000000e+02
4.130000000000000000e+02
3.150000000000000000e+02
3.150000000000000000e+02
3.150000000000000000e+02
3.460000000000000000e+02
3.460000000000000000e+02
3.460000000000000000e+02
3.120000000000000000e+02
3.120000000000000000e+02
3.120000000000000000e+02
4.170000000000000000e+02
4.170000000000000000e+02
4.170000000000000000e+02
4.200000000000000000e+02
4.200000000000000000e+02
4.200000000000000000e+02
3.200000000000000000e+02
3.200000000000000000e+02
3.200000000000000000e+02
3.220000000000000000e+02
3.220000000000000000e+02
3.220000000000000000e+02
3.090000000000000000e+02
3.090000000000000000e+02
3.090000000000000000e+02
3.270000000000000000e+02
3.270000000000000000e+02
3.270000000000000000e+02
5.150000000000000000e+02
5.150000000000000000e+02
5.150000000000000000e+02
4.030000000000000000e+02
4.030000000000000000e+02
4.030000000000000000e+02
4.590000000000000000e+02
4.590000000000000000e+02
4.590000000000000000e+02
3.410000000000000000e+02
3.410000000000000000e+02
3.410000000000000000e+02
3.940000000000000000e+02
3.940000000000000000e+02
3.940000000000000000e+02
4.110000000000000000e+02
4.110000000000000000e+02
4.110000000000000000e+02
3.620000000000000000e+02
3.620000000000000000e+02
3.620000000000000000e+02
4.010000000000000000e+02
4.010000000000000000e+02
4.010000000000000000e+02
3.210000000000000000e+02
3.210000000000000000e+02
3.210000000000000000e+02
4.780000000000000000e+02
4.780000000000000000e+02
4.780000000000000000e+02
3.250000000000000000e+02
3.250000000000000000e+02
3.250000000000000000e+02
2.970000000000000000e+02
2.970000000000000000e+02
2.970000000000000000e+02
3.820000000000000000e+02
3.820000000000000000e+02
3.820000000000000000e+02
5.920000000000000000e+02
5.920000000000000000e+02
5.920000000000000000e+02
4.080000000000000000e+02
4.080000000000000000e+02
4.080000000000000000e+02
3.350000000000000000e+02
3.350000000000000000e+02
3.350000000000000000e+02
3.960000000000000000e+02
3.960000000000000000e+02
3.960000000000000000e+02
4.210000000000000000e+02
4.210000000000000000e+02
4.210000000000000000e+02
3.160000000000000000e+02
3.160000000000000000e+02
3.160000000000000000e+02
3.290000000000000000e+02
3.290000000000000000e+02
3.290000000000000000e+02
3.730000000000000000e+02
3.730000000000000000e+02
3.730000000000000000e+02
4.370000000000000000e+02
4.370000000000000000e+02
4.370000000000000000e+02
4.420000000000000000e+02
4.420000000000000000e+02
4.420000000000000000e+02
3.960000000000000000e+02
3.960000000000000000e+02
3.960000000000000000e+02
3.250000000000000000e+02
3.250000000000000000e+02
3.250000000000000000e+02
3.320000000000000000e+02
3.320000000000000000e+02
3.320000000000000000e+02
3.220000000000000000e+02
3.220000000000000000e+02
3.220000000000000000e+02
4.120000000000000000e+02
4.120000000000000000e+02
4.120000000000000000e+02
3.230000000000000000e+02
3.230000000000000000e+02
3.230000000000000000e+02
4.380000000000000000e+02
4.380000000000000000e+02
4.380000000000000000e+02
4.640000000000000000e+02
4.640000000000000000e+02
4.640000000000000000e+02
3.910000000000000000e+02
3.910000000000000000e+02
3.910000000000000000e+02
3.350000000000000000e+02
3.350000000000000000e+02
3.350000000000000000e+02
4.280000000000000000e+02
4.280000000000000000e+02
4.280000000000000000e+02
4.000000000000000000e+02
4.000000000000000000e+02
4.000000000000000000e+02
3.370000000000000000e+02
3.370000000000000000e+02
3.370000000000000000e+02
3.280000000000000000e+02
3.280000000000000000e+02
3.280000000000000000e+02
3.200000000000000000e+02
3.200000000000000000e+02
3.200000000000000000e+02
4.520000000000000000e+02
4.520000000000000000e+02
4.520000000000000000e+02
3.400000000000000000e+02
3.400000000000000000e+02
3.400000000000000000e+02
4.910000000000000000e+02
4.910000000000000000e+02
4.910000000000000000e+02
3.300000000000000000e+02
3.300000000000000000e+02
3.300000000000000000e+02
3.350000000000000000e+02
3.350000000000000000e+02
3.350000000000000000e+02
3.340000000000000000e+02
3.340000000000000000e+02
3.340000000000000000e+02
4.050000000000000000e+02
4.050000000000000000e+02
4.050000000000000000e+02
3.850000000000000000e+02
3.850000000000000000e+02
3.850000000000000000e+02
3.320000000000000000e+02
3.320000000000000000e+02
3.320000000000000000e+02
3.360000000000000000e+02
3.360000000000000000e+02
3.360000000000000000e+02
4.260000000000000000e+02
4.260000000000000000e+02
4.260000000000000000e+02
4.620000000000000000e+02
4.620000000000000000e+02
4.620000000000000000e+02
3.620000000000000000e+02
3.620000000000000000e+02
3.620000000000000000e+02
3.310000000000000000e+02
3.310000000000000000e+02
3.310000000000000000e+02
3.650000000000000000e+02
3.650000000000000000e+02
3.650000000000000000e+02
3.280000000000000000e+02
3.280000000000000000e+02
3.280000000000000000e+02
3.920000000000000000e+02
3.920000000000000000e+02
3.920000000000000000e+02
3.150000000000000000e+02
3.150000000000000000e+02
3.150000000000000000e+02
3.620000000000000000e+02
3.620000000000000000e+02
3.620000000000000000e+02
3.110000000000000000e+02
3.110000000000000000e+02
3.110000000000000000e+02
3.840000000000000000e+02
3.840000000000000000e+02
3.840000000000000000e+02
3.790000000000000000e+02
3.790000000000000000e+02
3.790000000000000000e+02
5.620000000000000000e+02
5.620000000000000000e+02
5.620000000000000000e+02
4.380000000000000000e+02
4.380000000000000000e+02
4.380000000000000000e+02
3.280000000000000000e+02
3.280000000000000000e+02
3.280000000000000000e+02
3.230000000000000000e+02
3.230000000000000000e+02
3.230000000000000000e+02
3.300000000000000000e+02
3.300000000000000000e+02
3.300000000000000000e+02
5.650000000000000000e+02
5.650000000000000000e+02
5.650000000000000000e+02
5.160000000000000000e+02
5.160000000000000000e+02
5.160000000000000000e+02
3.700000000000000000e+02
3.700000000000000000e+02
3.700000000000000000e+02
3.140000000000000000e+02
3.140000000000000000e+02
3.140000000000000000e+02
3.210000000000000000e+02
3.210000000000000000e+02
3.210000000000000000e+02
3.290000000000000000e+02
3.290000000000000000e+02
3.290000000000000000e+02
4.160000000000000000e+02
4.160000000000000000e+02
4.160000000000000000e+02
4.210000000000000000e+02
4.210000000000000000e+02
4.210000000000000000e+02
5.510000000000000000e+02
5.510000000000000000e+02
5.510000000000000000e+02
4.420000000000000000e+02
4.420000000000000000e+02
4.420000000000000000e+02
3.980000000000000000e+02
3.980000000000000000e+02
3.980000000000000000e+02
3.200000000000000000e+02
3.200000000000000000e+02
3.200000000000000000e+02
3.420000000000000000e+02
3.420000000000000000e+02
3.420000000000000000e+02
3.330000000000000000e+02
3.330000000000000000e+02
3.330000000000000000e+02
3.310000000000000000e+02
3.310000000000000000e+02
3.310000000000000000e+02
3.250000000000000000e+02
3.250000000000000000e+02
3.250000000000000000e+02
4.200000000000000000e+02
4.200000000000000000e+02
4.200000000000000000e+02
3.280000000000000000e+02
3.280000000000000000e+02
3.280000000000000000e+02
4.000000000000000000e+02
4.000000000000000000e+02
4.000000000000000000e+02
3.980000000000000000e+02
3.980000000000000000e+02
3.980000000000000000e+02
3.170000000000000000e+02
3.170000000000000000e+02
3.170000000000000000e+02
4.180000000000000000e+02
4.180000000000000000e+02
4.180000000000000000e+02
3.990000000000000000e+02
3.990000000000000000e+02
3.990000000000000000e+02
3.310000000000000000e+02
3.310000000000000000e+02
3.310000000000000000e+02
3.900000000000000000e+02
3.900000000000000000e+02
3.900000000000000000e+02
4.060000000000000000e+02
4.060000000000000000e+02
4.060000000000000000e+02
4.110000000000000000e+02
4.110000000000000000e+02
4.110000000000000000e+02
3.920000000000000000e+02
3.920000000000000000e+02
3.920000000000000000e+02
3.940000000000000000e+02
3.940000000000000000e+02
3.940000000000000000e+02
3.260000000000000000e+02
3.260000000000000000e+02
3.260000000000000000e+02
4.290000000000000000e+02
4.290000000000000000e+02
4.290000000000000000e+02
3.130000000000000000e+02
3.130000000000000000e+02
3.130000000000000000e+02
4.620000000000000000e+02
4.620000000000000000e+02
4.620000000000000000e+02
4.550000000000000000e+02
4.550000000000000000e+02
4.550000000000000000e+02
3.950000000000000000e+02
3.950000000000000000e+02
3.950000000000000000e+02
3.290000000000000000e+02
3.290000000000000000e+02
3.290000000000000000e+02
4.730000000000000000e+02
4.730000000000000000e+02
4.730000000000000000e+02
3.150000000000000000e+02
3.150000000000000000e+02
3.150000000000000000e+02
4.110000000000000000e+02
4.110000000000000000e+02
4.110000000000000000e+02
3.150000000000000000e+02
3.150000000000000000e+02
3.150000000000000000e+02
3.160000000000000000e+02
3.160000000000000000e+02
3.160000000000000000e+02
3.350000000000000000e+02
3.350000000000000000e+02
3.350000000000000000e+02
5.500000000000000000e+02
5.500000000000000000e+02
5.500000000000000000e+02
5.350000000000000000e+02
5.350000000000000000e+02
5.350000000000000000e+02
4.190000000000000000e+02
4.190000000000000000e+02
4.190000000000000000e+02
4.360000000000000000e+02
4.360000000000000000e+02
4.360000000000000000e+02
3.460000000000000000e+02
3.460000000000000000e+02
3.460000000000000000e+02
3.310000000000000000e+02
3.310000000000000000e+02
3.310000000000000000e+02
4.380000000000000000e+02
4.380000000000000000e+02
4.380000000000000000e+02
4.150000000000000000e+02
4.150000000000000000e+02
4.150000000000000000e+02
4.610000000000000000e+02
4.610000000000000000e+02
4.610000000000000000e+02
3.960000000000000000e+02
3.960000000000000000e+02
3.960000000000000000e+02
5.550000000000000000e+02
5.550000000000000000e+02
5.550000000000000000e+02
5.450000000000000000e+02
5.450000000000000000e+02
5.450000000000000000e+02
4.240000000000000000e+02
4.240000000000000000e+02
4.240000000000000000e+02
3.950000000000000000e+02
3.950000000000000000e+02
3.950000000000000000e+02
3.030000000000000000e+02
3.030000000000000000e+02
3.030000000000000000e+02
3.970000000000000000e+02
3.970000000000000000e+02
3.970000000000000000e+02
3.420000000000000000e+02
3.420000000000000000e+02
3.420000000000000000e+02
3.350000000000000000e+02
3.350000000000000000e+02
3.350000000000000000e+02
3.120000000000000000e+02
3.120000000000000000e+02
3.120000000000000000e+02
3.200000000000000000e+02
3.200000000000000000e+02
3.200000000000000000e+02
4.170000000000000000e+02
4.170000000000000000e+02
4.170000000000000000e+02
4.000000000000000000e+02
4.000000000000000000e+02
4.000000000000000000e+02
2.670000000000000000e+02
2.670000000000000000e+02
2.670000000000000000e+02
4.060000000000000000e+02
4.060000000000000000e+02
4.060000000000000000e+02
4.320000000000000000e+02
4.320000000000000000e+02
4.320000000000000000e+02
4.040000000000000000e+02
4.040000000000000000e+02
4.040000000000000000e+02
4.070000000000000000e+02
4.070000000000000000e+02
4.070000000000000000e+02
4.170000000000000000e+02
4.170000000000000000e+02
4.170000000000000000e+02
3.250000000000000000e+02
3.250000000000000000e+02
3.250000000000000000e+02
3.410000000000000000e+02
3.410000000000000000e+02
3.410000000000000000e+02
3.450000000000000000e+02
3.450000000000000000e+02
3.450000000000000000e+02
3.800000000000000000e+02
3.800000000000000000e+02
3.800000000000000000e+02
4.560000000000000000e+02
4.560000000000000000e+02
4.560000000000000000e+02
3.180000000000000000e+02
3.180000000000000000e+02
3.180000000000000000e+02
4.950000000000000000e+02
4.950000000000000000e+02
4.950000000000000000e+02
3.020000000000000000e+02
3.020000000000000000e+02
3.020000000000000000e+02
3.390000000000000000e+02
3.390000000000000000e+02
3.390000000000000000e+02
3.240000000000000000e+02
3.240000000000000000e+02
3.240000000000000000e+02
3.880000000000000000e+02
3.880000000000000000e+02
3.880000000000000000e+02
4.550000000000000000e+02
4.550000000000000000e+02
4.550000000000000000e+02
3.460000000000000000e+02
3.460000000000000000e+02
3.460000000000000000e+02
3.100000000000000000e+02
3.100000000000000000e+02
3.100000000000000000e+02
5.010000000000000000e+02
5.010000000000000000e+02
5.010000000000000000e+02
4.670000000000000000e+02
4.670000000000000000e+02
4.670000000000000000e+02
5.030000000000000000e+02
5.030000000000000000e+02
5.030000000000000000e+02
5.320000000000000000e+02
5.320000000000000000e+02
5.320000000000000000e+02
4.610000000000000000e+02
4.610000000000000000e+02
4.610000000000000000e+02
4.070000000000000000e+02
4.070000000000000000e+02
4.070000000000000000e+02
4.080000000000000000e+02
4.080000000000000000e+02
4.080000000000000000e+02
3.320000000000000000e+02
3.320000000000000000e+02
3.320000000000000000e+02
3.280000000000000000e+02
3.280000000000000000e+02
3.280000000000000000e+02
4.120000000000000000e+02
4.120000000000000000e+02
4.120000000000000000e+02
3.280000000000000000e+02
3.280000000000000000e+02
3.280000000000000000e+02
4.630000000000000000e+02
4.630000000000000000e+02
4.630000000000000000e+02
3.680000000000000000e+02
3.680000000000000000e+02
3.680000000000000000e+02
3.130000000000000000e+02
3.130000000000000000e+02
3.130000000000000000e+02
3.960000000000000000e+02
3.960000000000000000e+02
3.960000000000000000e+02
3.960000000000000000e+02
3.960000000000000000e+02
3.960000000000000000e+02
4.000000000000000000e+02
4.000000000000000000e+02
4.000000000000000000e+02
3.990000000000000000e+02
3.990000000000000000e+02
3.990000000000000000e+02
3.360000000000000000e+02
3.360000000000000000e+02
3.360000000000000000e+02
3.280000000000000000e+02
3.280000000000000000e+02
3.280000000000000000e+02
3.160000000000000000e+02
3.160000000000000000e+02
3.160000000000000000e+02
4.610000000000000000e+02
4.610000000000000000e+02
4.610000000000000000e+02
3.610000000000000000e+02
3.610000000000000000e+02
3.610000000000000000e+02
3.400000000000000000e+02
3.400000000000000000e+02
3.400000000000000000e+02
5.000000000000000000e+02
5.000000000000000000e+02
5.000000000000000000e+02
3.980000000000000000e+02
3.980000000000000000e+02
3.980000000000000000e+02
4.410000000000000000e+02
4.410000000000000000e+02
4.410000000000000000e+02
3.340000000000000000e+02
3.340000000000000000e+02
3.340000000000000000e+02
3.320000000000000000e+02
3.320000000000000000e+02
3.320000000000000000e+02
3.780000000000000000e+02
3.780000000000000000e+02
3.780000000000000000e+02
4.110000000000000000e+02
4.110000000000000000e+02
4.110000000000000000e+02
4.370000000000000000e+02
4.370000000000000000e+02
4.370000000000000000e+02
4.080000000000000000e+02
4.080000000000000000e+02
4.080000000000000000e+02
3.820000000000000000e+02
3.820000000000000000e+02
3.820000000000000000e+02
4.680000000000000000e+02
4.680000000000000000e+02
4.680000000000000000e+02
4.110000000000000000e+02
4.110000000000000000e+02
4.110000000000000000e+02
3.160000000000000000e+02
3.160000000000000000e+02
3.160000000000000000e+02
4.140000000000000000e+02
4.140000000000000000e+02
4.140000000000000000e+02
3.150000000000000000e+02
3.150000000000000000e+02
3.150000000000000000e+02
4.340000000000000000e+02
4.340000000000000000e+02
4.340000000000000000e+02
3.280000000000000000e+02
3.280000000000000000e+02
3.280000000000000000e+02
3.950000000000000000e+02
3.950000000000000000e+02
3.950000000000000000e+02
4.290000000000000000e+02
4.290000000000000000e+02
4.290000000000000000e+02
5.420000000000000000e+02
5.420000000000000000e+02
5.420000000000000000e+02
3.360000000000000000e+02
3.360000000000000000e+02
3.360000000000000000e+02
4.520000000000000000e+02
4.520000000000000000e+02
4.520000000000000000e+02
4.460000000000000000e+02
4.460000000000000000e+02
4.460000000000000000e+02
3.290000000000000000e+02
3.290000000000000000e+02
3.290000000000000000e+02
4.410000000000000000e+02
4.410000000000000000e+02
4.410000000000000000e+02
3.950000000000000000e+02
3.950000000000000000e+02
3.950000000000000000e+02
3.100000000000000000e+02
3.100000000000000000e+02
3.100000000000000000e+02
4.100000000000000000e+02
4.100000000000000000e+02
4.100000000000000000e+02
5.260000000000000000e+02
5.260000000000000000e+02
5.260000000000000000e+02
3.260000000000000000e+02
3.260000000000000000e+02
3.260000000000000000e+02
4.880000000000000000e+02
4.880000000000000000e+02
4.880000000000000000e+02
3.070000000000000000e+02
3.070000000000000000e+02
3.070000000000000000e+02
3.570000000000000000e+02
3.570000000000000000e+02
3.570000000000000000e+02
3.990000000000000000e+02
3.990000000000000000e+02
3.990000000000000000e+02
4.200000000000000000e+02
4.200000000000000000e+02
4.200000000000000000e+02
5.400000000000000000e+02
5.400000000000000000e+02
5.400000000000000000e+02
3.640000000000000000e+02
3.640000000000000000e+02
3.640000000000000000e+02
4.660000000000000000e+02
4.660000000000000000e+02
4.660000000000000000e+02
4.160000000000000000e+02
4.160000000000000000e+02
4.160000000000000000e+02
4.130000000000000000e+02
4.130000000000000000e+02
4.130000000000000000e+02
4.180000000000000000e+02
4.180000000000000000e+02
4.180000000000000000e+02
3.500000000000000000e+02
3.500000000000000000e+02
3.500000000000000000e+02
4.110000000000000000e+02
4.110000000000000000e+02
4.110000000000000000e+02
4.220000000000000000e+02
4.220000000000000000e+02
4.220000000000000000e+02
3.310000000000000000e+02
3.310000000000000000e+02
3.310000000000000000e+02
4.010000000000000000e+02
4.010000000000000000e+02
4.010000000000000000e+02
5.030000000000000000e+02
5.030000000000000000e+02
5.030000000000000000e+02
4.200000000000000000e+02
4.200000000000000000e+02
4.200000000000000000e+02
3.050000000000000000e+02
3.050000000000000000e+02
3.050000000000000000e+02
3.090000000000000000e+02
3.090000000000000000e+02
3.090000000000000000e+02
5.180000000000000000e+02
5.180000000000000000e+02
5.180000000000000000e+02
5.490000000000000000e+02
5.490000000000000000e+02
5.490000000000000000e+02
3.320000000000000000e+02
3.320000000000000000e+02
3.320000000000000000e+02
4.820000000000000000e+02
4.820000000000000000e+02
4.820000000000000000e+02
4.060000000000000000e+02
4.060000000000000000e+02
4.060000000000000000e+02
4.510000000000000000e+02
4.510000000000000000e+02
4.510000000000000000e+02
3.100000000000000000e+02
3.100000000000000000e+02
3.100000000000000000e+02
4.080000000000000000e+02
4.080000000000000000e+02
4.080000000000000000e+02
3.430000000000000000e+02
3.430000000000000000e+02
3.430000000000000000e+02
3.620000000000000000e+02
3.620000000000000000e+02
3.620000000000000000e+02
3.150000000000000000e+02
3.150000000000000000e+02
3.150000000000000000e+02
3.440000000000000000e+02
3.440000000000000000e+02
3.440000000000000000e+02
4.890000000000000000e+02
4.890000000000000000e+02
4.890000000000000000e+02
4.070000000000000000e+02
4.070000000000000000e+02
4.070000000000000000e+02
3.210000000000000000e+02
3.210000000000000000e+02
3.210000000000000000e+02
3.180000000000000000e+02
3.180000000000000000e+02
3.180000000000000000e+02
3.350000000000000000e+02
3.350000000000000000e+02
3.350000000000000000e+02
4.310000000000000000e+02
4.310000000000000000e+02
4.310000000000000000e+02
4.040000000000000000e+02
4.040000000000000000e+02
4.040000000000000000e+02
3.510000000000000000e+02
3.510000000000000000e+02
3.510000000000000000e+02
4.560000000000000000e+02
4.560000000000000000e+02
4.560000000000000000e+02
3.170000000000000000e+02
3.170000000000000000e+02
3.170000000000000000e+02
3.310000000000000000e+02
3.310000000000000000e+02
3.310000000000000000e+02
4.100000000000000000e+02
4.100000000000000000e+02
4.100000000000000000e+02
3.940000000000000000e+02
3.940000000000000000e+02
3.940000000000000000e+02
3.460000000000000000e+02
3.460000000000000000e+02
3.460000000000000000e+02
3.160000000000000000e+02
3.160000000000000000e+02
3.160000000000000000e+02
4.040000000000000000e+02
4.040000000000000000e+02
4.040000000000000000e+02
4.450000000000000000e+02
4.450000000000000000e+02
4.450000000000000000e+02
4.020000000000000000e+02
4.020000000000000000e+02
4.020000000000000000e+02
3.900000000000000000e+02
3.900000000000000000e+02
3.900000000000000000e+02
4.140000000000000000e+02
4.140000000000000000e+02
4.140000000000000000e+02
4.400000000000000000e+02
4.400000000000000000e+02
4.400000000000000000e+02
4.270000000000000000e+02
4.270000000000000000e+02
4.270000000000000000e+02
3.230000000000000000e+02
3.230000000000000000e+02
3.230000000000000000e+02
4.050000000000000000e+02
4.050000000000000000e+02
4.050000000000000000e+02
3.670000000000000000e+02
3.670000000000000000e+02
3.670000000000000000e+02
3.350000000000000000e+02
3.350000000000000000e+02
3.350000000000000000e+02
3.250000000000000000e+02
3.250000000000000000e+02
3.250000000000000000e+02
3.150000000000000000e+02
3.150000000000000000e+02
3.150000000000000000e+02
4.520000000000000000e+02
4.520000000000000000e+02
4.520000000000000000e+02
3.380000000000000000e+02
3.380000000000000000e+02
3.380000000000000000e+02
3.370000000000000000e+02
3.370000000000000000e+02
3.370000000000000000e+02
3.200000000000000000e+02
3.200000000000000000e+02
3.200000000000000000e+02
4.090000000000000000e+02
4.090000000000000000e+02
4.090000000000000000e+02
3.320000000000000000e+02
3.320000000000000000e+02
3.320000000000000000e+02
3.300000000000000000e+02
3.300000000000000000e+02
3.300000000000000000e+02
3.140000000000000000e+02
3.140000000000000000e+02
3.140000000000000000e+02
3.250000000000000000e+02
3.250000000000000000e+02
3.250000000000000000e+02
3.300000000000000000e+02
3.300000000000000000e+02
3.300000000000000000e+02
4.000000000000000000e+02
4.000000000000000000e+02
4.000000000000000000e+02
3.820000000000000000e+02
3.820000000000000000e+02
3.820000000000000000e+02
3.220000000000000000e+02
3.220000000000000000e+02
3.220000000000000000e+02
3.280000000000000000e+02
3.280000000000000000e+02
3.280000000000000000e+02
3.230000000000000000e+02
3.230000000000000000e+02
3.230000000000000000e+02
3.220000000000000000e+02
3.220000000000000000e+02
3.220000000000000000e+02
4.920000000000000000e+02
4.920000000000000000e+02
4.920000000000000000e+02
3.400000000000000000e+02
3.400000000000000000e+02
3.400000000000000000e+02
4.310000000000000000e+02
4.310000000000000000e+02
4.310000000000000000e+02
4.000000000000000000e+02
4.000000000000000000e+02
4.000000000000000000e+02
3.210000000000000000e+02
3.210000000000000000e+02
3.210000000000000000e+02
4.920000000000000000e+02
4.920000000000000000e+02
4.920000000000000000e+02
5.540000000000000000e+02
5.540000000000000000e+02
5.540000000000000000e+02
3.630000000000000000e+02
3.630000000000000000e+02
3.630000000000000000e+02
3.500000000000000000e+02
3.500000000000000000e+02
3.500000000000000000e+02
3.240000000000000000e+02
3.240000000000000000e+02
3.240000000000000000e+02
3.850000000000000000e+02
3.850000000000000000e+02
3.850000000000000000e+02
4.020000000000000000e+02
4.020000000000000000e+02
4.020000000000000000e+02
3.460000000000000000e+02
3.460000000000000000e+02
3.460000000000000000e+02
