-4.389999999999999680e+00
-4.389999999999999680e+00
-4.389999999999999680e+00
-4.389999999999999680e+00
-4.839999999999999858e+00
-4.839999999999999858e+00
-4.839999999999999858e+00
-4.839999999999999858e+00
-4.839999999999999858e+00
-3.609999999999999876e+00
-3.609999999999999876e+00
-3.609999999999999876e+00
-3.609999999999999876e+00
-3.609999999999999876e+00
-3.609999999999999876e+00
-3.609999999999999876e+00
2.100000000000000089e+00
2.100000000000000089e+00
2.100000000000000089e+00
1.000000000000000056e-01
1.000000000000000056e-01
1.000000000000000056e-01
1.000000000000000056e-01
1.000000000000000056e-01
1.000000000000000056e-01
1.000000000000000056e-01
1.280000000000000027e+00
-8.179999999999999716e+00
-8.179999999999999716e+00
-8.179999999999999716e+00
-8.179999999999999716e+00
-8.179999999999999716e+00
-8.179999999999999716e+00
-8.179999999999999716e+00
-3.819999999999999840e+00
-3.819999999999999840e+00
-3.819999999999999840e+00
-3.819999999999999840e+00
-3.819999999999999840e+00
-3.819999999999999840e+00
-3.819999999999999840e+00
-9.410000000000000142e+00
-9.410000000000000142e+00
-9.410000000000000142e+00
-9.410000000000000142e+00
-9.410000000000000142e+00
-9.410000000000000142e+00
-9.410000000000000142e+00
-4.700000000000000178e+00
-4.700000000000000178e+00
-4.700000000000000178e+00
-4.700000000000000178e+00
-4.700000000000000178e+00
-4.700000000000000178e+00
-4.700000000000000178e+00
1.199999999999999956e+00
-1.689999999999999947e+00
-1.689999999999999947e+00
-1.689999999999999947e+00
-1.689999999999999947e+00
-1.689999999999999947e+00
-1.689999999999999947e+00
-1.689999999999999947e+00
-3.300000000000000155e-01
-3.300000000000000155e-01
-3.300000000000000155e-01
-3.300000000000000155e-01
-2.399999999999999911e+00
-2.399999999999999911e+00
-2.399999999999999911e+00
-2.399999999999999911e+00
-2.399999999999999911e+00
-2.399999999999999911e+00
-2.399999999999999911e+00
-3.240000000000000213e+00
-3.240000000000000213e+00
-3.240000000000000213e+00
-3.240000000000000213e+00
-3.240000000000000213e+00
-3.240000000000000213e+00
-3.240000000000000213e+00
-8.199999999999999512e-01
-8.199999999999999512e-01
-3.149999999999999911e+00
-3.149999999999999911e+00
-3.149999999999999911e+00
-3.149999999999999911e+00
-3.149999999999999911e+00
-3.149999999999999911e+00
-3.149999999999999911e+00
-4.419999999999999929e+00
-4.419999999999999929e+00
-4.419999999999999929e+00
-4.419999999999999929e+00
-4.419999999999999929e+00
-4.419999999999999929e+00
-6.500000000000000000e+00
-6.500000000000000000e+00
-6.500000000000000000e+00
-6.500000000000000000e+00
-6.500000000000000000e+00
-6.500000000000000000e+00
-6.500000000000000000e+00
-3.790000000000000036e+00
-3.790000000000000036e+00
-3.790000000000000036e+00
-3.790000000000000036e+00
-3.790000000000000036e+00
-3.790000000000000036e+00
-3.790000000000000036e+00
-9.899999999999999911e-01
-9.899999999999999911e-01
-9.899999999999999911e-01
-9.899999999999999911e-01
-9.899999999999999911e-01
-1.080000000000000071e+00
-1.080000000000000071e+00
-7.580000000000000071e+00
-7.580000000000000071e+00
-7.580000000000000071e+00
-7.580000000000000071e+00
-9.130000000000000782e+00
-9.130000000000000782e+00
-9.130000000000000782e+00
-9.130000000000000782e+00
-9.130000000000000782e+00
-9.130000000000000782e+00
-9.130000000000000782e+00
-6.500000000000000000e+00
-6.500000000000000000e+00
-6.500000000000000000e+00
-1.002999999999999936e+01
-1.002999999999999936e+01
-1.002999999999999936e+01
-1.002999999999999936e+01
-1.002999999999999936e+01
-1.002999999999999936e+01
-1.002999999999999936e+01
-5.799999999999999822e+00
-5.799999999999999822e+00
-5.799999999999999822e+00
-5.799999999999999822e+00
-5.799999999999999822e+00
-5.799999999999999822e+00
-5.799999999999999822e+00
-6.400000000000000355e+00
-6.400000000000000355e+00
-6.400000000000000355e+00
-6.400000000000000355e+00
-6.400000000000000355e+00
-6.400000000000000355e+00
-6.400000000000000355e+00
-3.930000000000000160e+00
-3.930000000000000160e+00
-3.930000000000000160e+00
-3.930000000000000160e+00
-3.930000000000000160e+00
-3.930000000000000160e+00
-3.930000000000000160e+00
-2.500000000000000000e-01
-2.500000000000000000e-01
-2.500000000000000000e-01
-2.500000000000000000e-01
-2.500000000000000000e-01
7.500000000000000000e-01
-4.870000000000000107e+00
-4.870000000000000107e+00
-4.870000000000000107e+00
-4.870000000000000107e+00
-4.870000000000000107e+00
-4.389999999999999680e+00
-4.389999999999999680e+00
-4.389999999999999680e+00
-4.389999999999999680e+00
-4.389999999999999680e+00
-4.389999999999999680e+00
-2.020000000000000018e+00
-2.020000000000000018e+00
-2.020000000000000018e+00
-2.020000000000000018e+00
-2.020000000000000018e+00
-2.020000000000000018e+00
-8.679999999999999716e+00
-8.679999999999999716e+00
-8.679999999999999716e+00
-8.679999999999999716e+00
-8.679999999999999716e+00
-8.679999999999999716e+00
-8.679999999999999716e+00
-4.040000000000000036e+00
-4.040000000000000036e+00
-4.040000000000000036e+00
-4.040000000000000036e+00
-4.040000000000000036e+00
-4.040000000000000036e+00
-4.040000000000000036e+00
-1.659999999999999920e+00
-1.659999999999999920e+00
-1.659999999999999920e+00
-1.659999999999999920e+00
-1.659999999999999920e+00
-3.509999999999999787e+00
-3.509999999999999787e+00
-3.509999999999999787e+00
-3.509999999999999787e+00
-3.509999999999999787e+00
-3.509999999999999787e+00
-3.509999999999999787e+00
-4.400000000000000022e-01
-4.400000000000000022e-01
-4.400000000000000022e-01
-4.400000000000000022e-01
-4.400000000000000022e-01
-2.750000000000000000e+00
-2.750000000000000000e+00
-8.410000000000000142e+00
-8.410000000000000142e+00
-8.410000000000000142e+00
-8.410000000000000142e+00
-8.410000000000000142e+00
-8.410000000000000142e+00
-1.290000000000000036e+00
-1.290000000000000036e+00
-1.290000000000000036e+00
-1.290000000000000036e+00
-1.290000000000000036e+00
-1.290000000000000036e+00
-1.290000000000000036e+00
-4.530000000000000249e+00
-4.530000000000000249e+00
-4.530000000000000249e+00
-4.530000000000000249e+00
-4.530000000000000249e+00
-4.530000000000000249e+00
-4.530000000000000249e+00
-9.369999999999999218e+00
-9.369999999999999218e+00
-9.369999999999999218e+00
-9.369999999999999218e+00
-9.369999999999999218e+00
-9.369999999999999218e+00
-9.369999999999999218e+00
-3.370000000000000107e+00
-3.370000000000000107e+00
-3.370000000000000107e+00
-3.370000000000000107e+00
-3.370000000000000107e+00
-3.370000000000000107e+00
-3.370000000000000107e+00
-3.109999999999999876e+00
-3.109999999999999876e+00
-3.109999999999999876e+00
-3.109999999999999876e+00
-3.109999999999999876e+00
-3.109999999999999876e+00
-3.109999999999999876e+00
-4.719999999999999751e+00
-4.719999999999999751e+00
-4.719999999999999751e+00
-4.719999999999999751e+00
-4.719999999999999751e+00
2.509999999999999787e+00
2.509999999999999787e+00
2.509999999999999787e+00
2.509999999999999787e+00
2.509999999999999787e+00
2.509999999999999787e+00
-1.360000000000000098e+00
-1.360000000000000098e+00
-1.360000000000000098e+00
-1.360000000000000098e+00
-1.360000000000000098e+00
-1.360000000000000098e+00
-1.360000000000000098e+00
-9.300000000000000711e+00
-3.839999999999999858e+00
-3.839999999999999858e+00
-3.839999999999999858e+00
-3.839999999999999858e+00
-5.490000000000000213e+00
-5.490000000000000213e+00
-5.490000000000000213e+00
-5.490000000000000213e+00
-5.490000000000000213e+00
-5.490000000000000213e+00
-5.490000000000000213e+00
-6.679999999999999716e+00
-6.679999999999999716e+00
-6.679999999999999716e+00
-6.679999999999999716e+00
-6.679999999999999716e+00
-6.679999999999999716e+00
-6.679999999999999716e+00
-8.299999999999999600e-01
-8.299999999999999600e-01
-8.299999999999999600e-01
-8.299999999999999600e-01
-8.299999999999999600e-01
-8.299999999999999600e-01
-8.299999999999999600e-01
-2.549999999999999822e+00
-2.549999999999999822e+00
-2.549999999999999822e+00
-2.549999999999999822e+00
-2.549999999999999822e+00
-2.549999999999999822e+00
-2.549999999999999822e+00
-1.264000000000000057e+01
-1.264000000000000057e+01
-1.264000000000000057e+01
-1.264000000000000057e+01
-1.264000000000000057e+01
-1.264000000000000057e+01
-1.264000000000000057e+01
-1.879999999999999893e+00
-1.879999999999999893e+00
-1.879999999999999893e+00
-1.879999999999999893e+00
-1.879999999999999893e+00
-1.879999999999999893e+00
-1.879999999999999893e+00
-1.400000000000000133e-01
-1.400000000000000133e-01
-1.400000000000000133e-01
-1.400000000000000133e-01
-1.400000000000000133e-01
-1.400000000000000133e-01
-1.016999999999999993e+01
-1.016999999999999993e+01
-1.016999999999999993e+01
-1.016999999999999993e+01
-1.016999999999999993e+01
-1.016999999999999993e+01
-1.016999999999999993e+01
-9.710000000000000853e+00
-9.710000000000000853e+00
-9.710000000000000853e+00
-9.710000000000000853e+00
2.000000000000000000e+00
2.000000000000000000e+00
-5.259999999999999787e+00
-5.259999999999999787e+00
-5.259999999999999787e+00
-5.259999999999999787e+00
-5.259999999999999787e+00
-5.259999999999999787e+00
-5.259999999999999787e+00
-5.600000000000000533e-01
-5.600000000000000533e-01
-5.600000000000000533e-01
-5.600000000000000533e-01
-4.000000000000000083e-02
-4.000000000000000083e-02
-4.000000000000000083e-02
-4.000000000000000083e-02
-4.000000000000000083e-02
-4.000000000000000083e-02
-4.000000000000000083e-02
-2.069999999999999840e+00
-2.069999999999999840e+00
-2.069999999999999840e+00
-2.069999999999999840e+00
-2.069999999999999840e+00
-2.069999999999999840e+00
-2.069999999999999840e+00
2.509999999999999787e+00
2.509999999999999787e+00
2.509999999999999787e+00
2.509999999999999787e+00
2.509999999999999787e+00
2.509999999999999787e+00
-3.899999999999999911e+00
-3.899999999999999911e+00
-3.899999999999999911e+00
-3.899999999999999911e+00
-3.899999999999999911e+00
-3.899999999999999911e+00
-3.899999999999999911e+00
-4.419999999999999929e+00
-4.419999999999999929e+00
-4.419999999999999929e+00
-4.419999999999999929e+00
-4.419999999999999929e+00
-4.419999999999999929e+00
-4.419999999999999929e+00
-1.449999999999999956e+00
-1.449999999999999956e+00
-1.449999999999999956e+00
-1.449999999999999956e+00
-1.449999999999999956e+00
-1.449999999999999956e+00
-1.449999999999999956e+00
-2.890000000000000124e+00
-2.890000000000000124e+00
-2.890000000000000124e+00
-2.890000000000000124e+00
-2.890000000000000124e+00
-2.890000000000000124e+00
-9.730000000000000426e+00
-9.730000000000000426e+00
-9.730000000000000426e+00
-9.730000000000000426e+00
-9.730000000000000426e+00
-9.730000000000000426e+00
-9.730000000000000426e+00
-8.699999999999999289e+00
-8.699999999999999289e+00
-8.699999999999999289e+00
-8.699999999999999289e+00
-8.699999999999999289e+00
-8.699999999999999289e+00
-8.699999999999999289e+00
-4.019999999999999574e+00
-4.019999999999999574e+00
-4.019999999999999574e+00
-4.019999999999999574e+00
-3.279999999999999805e+00
-3.279999999999999805e+00
-3.279999999999999805e+00
-3.279999999999999805e+00
-3.279999999999999805e+00
-3.279999999999999805e+00
-3.279999999999999805e+00
-7.629999999999999893e+00
-7.629999999999999893e+00
-7.629999999999999893e+00
-7.629999999999999893e+00
-7.629999999999999893e+00
-7.629999999999999893e+00
-7.629999999999999893e+00
-9.650000000000000355e+00
-9.650000000000000355e+00
-9.650000000000000355e+00
-9.650000000000000355e+00
-9.650000000000000355e+00
-9.650000000000000355e+00
-9.650000000000000355e+00
-3.149999999999999911e+00
-3.149999999999999911e+00
-3.149999999999999911e+00
-3.149999999999999911e+00
-3.149999999999999911e+00
-3.149999999999999911e+00
-3.149999999999999911e+00
-1.583000000000000007e+01
-1.583000000000000007e+01
-1.583000000000000007e+01
-1.583000000000000007e+01
-1.583000000000000007e+01
-1.583000000000000007e+01
-1.583000000000000007e+01
2.669999999999999929e+00
2.669999999999999929e+00
2.669999999999999929e+00
2.669999999999999929e+00
2.669999999999999929e+00
2.669999999999999929e+00
-1.239999999999999991e+00
-1.239999999999999991e+00
-1.239999999999999991e+00
-1.239999999999999991e+00
-1.239999999999999991e+00
-1.239999999999999991e+00
-1.239999999999999991e+00
-2.629999999999999893e+00
-2.629999999999999893e+00
-2.629999999999999893e+00
-2.629999999999999893e+00
-2.629999999999999893e+00
-2.629999999999999893e+00
-1.830000000000000071e+00
-1.830000000000000071e+00
-1.830000000000000071e+00
-3.479999999999999982e+00
-3.479999999999999982e+00
-3.479999999999999982e+00
-3.479999999999999982e+00
-3.479999999999999982e+00
-3.479999999999999982e+00
-3.479999999999999982e+00
-1.310000000000000053e+00
-1.310000000000000053e+00
-4.589999999999999858e+00
-4.589999999999999858e+00
-4.589999999999999858e+00
-4.589999999999999858e+00
-4.589999999999999858e+00
-4.589999999999999858e+00
-4.589999999999999858e+00
-2.379999999999999893e+00
-2.379999999999999893e+00
-2.379999999999999893e+00
-2.379999999999999893e+00
-2.379999999999999893e+00
-2.379999999999999893e+00
-2.379999999999999893e+00
-1.739999999999999991e+00
-1.739999999999999991e+00
-1.739999999999999991e+00
-1.739999999999999991e+00
-1.739999999999999991e+00
-1.739999999999999991e+00
-1.739999999999999991e+00
-1.620000000000000107e+00
-1.620000000000000107e+00
-1.620000000000000107e+00
-1.620000000000000107e+00
-1.620000000000000107e+00
-1.620000000000000107e+00
-1.620000000000000107e+00
1.310000000000000053e+00
1.310000000000000053e+00
1.310000000000000053e+00
1.310000000000000053e+00
1.310000000000000053e+00
-6.019999999999999574e+00
-6.019999999999999574e+00
-6.019999999999999574e+00
-6.019999999999999574e+00
-6.019999999999999574e+00
-6.019999999999999574e+00
-6.019999999999999574e+00
-6.089999999999999858e+00
-6.089999999999999858e+00
-6.089999999999999858e+00
-6.089999999999999858e+00
-6.089999999999999858e+00
-6.089999999999999858e+00
-6.089999999999999858e+00
-4.589999999999999858e+00
-4.589999999999999858e+00
-4.589999999999999858e+00
-4.589999999999999858e+00
-4.589999999999999858e+00
-4.589999999999999858e+00
-4.589999999999999858e+00
-4.440000000000000391e+00
-4.440000000000000391e+00
-4.440000000000000391e+00
-4.440000000000000391e+00
-4.440000000000000391e+00
-4.440000000000000391e+00
-4.440000000000000391e+00
-7.900000000000000355e-01
-7.900000000000000355e-01
-7.900000000000000355e-01
-7.900000000000000355e-01
-7.900000000000000355e-01
-7.900000000000000355e-01
-7.900000000000000355e-01
-6.999999999999999556e-01
-3.299999999999999822e+00
-3.299999999999999822e+00
-3.299999999999999822e+00
-3.299999999999999822e+00
-3.299999999999999822e+00
-3.299999999999999822e+00
2.890000000000000124e+00
2.890000000000000124e+00
2.890000000000000124e+00
2.890000000000000124e+00
2.890000000000000124e+00
2.890000000000000124e+00
2.890000000000000124e+00
-1.399999999999999911e+00
-1.399999999999999911e+00
-1.399999999999999911e+00
-1.399999999999999911e+00
-1.399999999999999911e+00
-1.959999999999999964e+00
-1.959999999999999964e+00
-1.959999999999999964e+00
-1.959999999999999964e+00
-1.959999999999999964e+00
-1.959999999999999964e+00
-1.959999999999999964e+00
-3.879999999999999893e+00
-3.879999999999999893e+00
-3.879999999999999893e+00
-3.879999999999999893e+00
-3.879999999999999893e+00
-3.879999999999999893e+00
-3.879999999999999893e+00
-9.449999999999999289e+00
-9.449999999999999289e+00
-9.449999999999999289e+00
-9.449999999999999289e+00
-9.449999999999999289e+00
-9.449999999999999289e+00
-9.449999999999999289e+00
-9.000000000000000222e-01
-5.730000000000000426e+00
-5.730000000000000426e+00
-5.730000000000000426e+00
-5.730000000000000426e+00
-5.730000000000000426e+00
-5.730000000000000426e+00
-5.730000000000000426e+00
-8.259999999999999787e+00
-8.259999999999999787e+00
-8.259999999999999787e+00
-8.259999999999999787e+00
-8.259999999999999787e+00
-8.259999999999999787e+00
-8.259999999999999787e+00
-4.290000000000000036e+00
-2.729999999999999982e+00
-2.729999999999999982e+00
-2.729999999999999982e+00
-2.729999999999999982e+00
-2.729999999999999982e+00
-2.729999999999999982e+00
-2.729999999999999982e+00
-7.669999999999999929e+00
-7.669999999999999929e+00
-7.669999999999999929e+00
-7.669999999999999929e+00
-7.669999999999999929e+00
-7.669999999999999929e+00
-7.669999999999999929e+00
-5.910000000000000142e+00
-5.910000000000000142e+00
-5.910000000000000142e+00
-5.910000000000000142e+00
-5.910000000000000142e+00
-5.910000000000000142e+00
-5.910000000000000142e+00
-5.309999999999999609e+00
-5.309999999999999609e+00
-5.309999999999999609e+00
-5.309999999999999609e+00
-5.309999999999999609e+00
-5.309999999999999609e+00
-5.309999999999999609e+00
-3.049999999999999822e+00
-3.049999999999999822e+00
-3.049999999999999822e+00
-3.049999999999999822e+00
-3.049999999999999822e+00
-3.049999999999999822e+00
-3.049999999999999822e+00
-3.560000000000000053e+00
-3.560000000000000053e+00
-3.560000000000000053e+00
-3.560000000000000053e+00
-3.560000000000000053e+00
-3.560000000000000053e+00
-3.560000000000000053e+00
3.120000000000000107e+00
3.120000000000000107e+00
-8.419999999999999929e+00
-8.419999999999999929e+00
-8.419999999999999929e+00
-8.419999999999999929e+00
-8.419999999999999929e+00
-8.419999999999999929e+00
-8.419999999999999929e+00
-3.649999999999999911e+00
-3.649999999999999911e+00
-3.649999999999999911e+00
-3.649999999999999911e+00
-3.649999999999999911e+00
-3.649999999999999911e+00
-3.649999999999999911e+00
-7.290000000000000036e+00
-7.290000000000000036e+00
-7.290000000000000036e+00
-7.290000000000000036e+00
-7.290000000000000036e+00
-7.290000000000000036e+00
-7.290000000000000036e+00
-8.150000000000000355e+00
-8.150000000000000355e+00
-8.150000000000000355e+00
-8.150000000000000355e+00
-8.150000000000000355e+00
-8.150000000000000355e+00
-8.150000000000000355e+00
-4.000000000000000000e+00
-4.000000000000000000e+00
-4.000000000000000000e+00
-4.000000000000000000e+00
-4.000000000000000000e+00
-4.000000000000000000e+00
-1.270000000000000018e+00
-1.270000000000000018e+00
-1.270000000000000018e+00
-1.270000000000000018e+00
-1.270000000000000018e+00
1.659999999999999920e+00
1.659999999999999920e+00
1.659999999999999920e+00
1.659999999999999920e+00
1.659999999999999920e+00
1.659999999999999920e+00
1.659999999999999920e+00
-3.120000000000000107e+00
-3.120000000000000107e+00
-3.120000000000000107e+00
-3.120000000000000107e+00
-3.120000000000000107e+00
-3.120000000000000107e+00
-4.379999999999999893e+00
-4.379999999999999893e+00
-4.379999999999999893e+00
-4.379999999999999893e+00
-4.379999999999999893e+00
-4.379999999999999893e+00
-4.379999999999999893e+00
-1.120000000000000107e+00
-1.120000000000000107e+00
-1.120000000000000107e+00
-1.120000000000000107e+00
-1.120000000000000107e+00
-1.120000000000000107e+00
-1.120000000000000107e+00
-4.240000000000000213e+00
-4.240000000000000213e+00
-4.240000000000000213e+00
-4.240000000000000213e+00
-4.240000000000000213e+00
-6.400000000000000355e+00
-6.400000000000000355e+00
-6.400000000000000355e+00
-6.400000000000000355e+00
-6.400000000000000355e+00
-6.400000000000000355e+00
-6.400000000000000355e+00
1.770000000000000018e+00
1.770000000000000018e+00
1.770000000000000018e+00
1.770000000000000018e+00
1.770000000000000018e+00
1.770000000000000018e+00
1.770000000000000018e+00
-1.342999999999999972e+01
-1.342999999999999972e+01
-1.342999999999999972e+01
-1.342999999999999972e+01
-1.342999999999999972e+01
-1.342999999999999972e+01
-3.879999999999999893e+00
-3.879999999999999893e+00
-3.879999999999999893e+00
-3.879999999999999893e+00
-3.879999999999999893e+00
-3.879999999999999893e+00
-3.879999999999999893e+00
-2.359999999999999876e+00
-2.359999999999999876e+00
-2.359999999999999876e+00
-2.359999999999999876e+00
-2.359999999999999876e+00
-2.359999999999999876e+00
-2.359999999999999876e+00
-4.549999999999999822e+00
-4.549999999999999822e+00
-4.549999999999999822e+00
-4.549999999999999822e+00
-4.549999999999999822e+00
-4.549999999999999822e+00
-4.549999999999999822e+00
-1.900000000000000022e-01
-1.900000000000000022e-01
-1.900000000000000022e-01
-1.900000000000000022e-01
-1.900000000000000022e-01
-7.800000000000000266e-01
-7.800000000000000266e-01
-7.800000000000000266e-01
-1.959999999999999964e+00
-1.959999999999999964e+00
5.200000000000000178e-01
5.200000000000000178e-01
5.200000000000000178e-01
5.200000000000000178e-01
5.200000000000000178e-01
5.200000000000000178e-01
5.200000000000000178e-01
-5.879999999999999893e+00
-5.879999999999999893e+00
-5.879999999999999893e+00
-5.879999999999999893e+00
-5.879999999999999893e+00
-5.879999999999999893e+00
-5.879999999999999893e+00
-5.490000000000000213e+00
-5.490000000000000213e+00
-5.490000000000000213e+00
-5.490000000000000213e+00
-5.490000000000000213e+00
-5.490000000000000213e+00
-3.129999999999999893e+00
-3.129999999999999893e+00
-3.129999999999999893e+00
-3.129999999999999893e+00
-3.129999999999999893e+00
-9.009999999999999787e+00
-9.009999999999999787e+00
-9.009999999999999787e+00
-9.009999999999999787e+00
-9.009999999999999787e+00
-9.009999999999999787e+00
-9.009999999999999787e+00
-3.240000000000000213e+00
-3.240000000000000213e+00
-3.240000000000000213e+00
-3.240000000000000213e+00
-3.240000000000000213e+00
-3.240000000000000213e+00
-7.800000000000000266e-01
-7.800000000000000266e-01
-7.800000000000000266e-01
-2.509999999999999787e+00
-2.509999999999999787e+00
-2.509999999999999787e+00
-2.509999999999999787e+00
-2.509999999999999787e+00
-2.509999999999999787e+00
-2.509999999999999787e+00
2.560000000000000053e+00
2.560000000000000053e+00
2.560000000000000053e+00
2.560000000000000053e+00
2.560000000000000053e+00
2.560000000000000053e+00
2.560000000000000053e+00
-8.830000000000000071e+00
-8.830000000000000071e+00
-8.830000000000000071e+00
-8.830000000000000071e+00
-8.830000000000000071e+00
-8.830000000000000071e+00
-8.830000000000000071e+00
-1.100000000000000089e+00
-1.100000000000000089e+00
-1.100000000000000089e+00
-1.100000000000000089e+00
-2.549999999999999822e+00
-2.549999999999999822e+00
-2.549999999999999822e+00
-2.549999999999999822e+00
-2.549999999999999822e+00
-2.549999999999999822e+00
-2.549999999999999822e+00
-8.000000000000000444e-01
-8.000000000000000444e-01
-8.000000000000000444e-01
-8.000000000000000444e-01
-8.000000000000000444e-01
-8.000000000000000444e-01
-8.000000000000000444e-01
1.400000000000000133e-01
1.400000000000000133e-01
1.400000000000000133e-01
1.400000000000000133e-01
1.400000000000000133e-01
-2.330000000000000071e+00
-2.330000000000000071e+00
-4.469999999999999751e+00
-4.469999999999999751e+00
-4.469999999999999751e+00
-4.469999999999999751e+00
-4.469999999999999751e+00
-6.790000000000000036e+00
-6.790000000000000036e+00
-6.790000000000000036e+00
-6.790000000000000036e+00
-6.790000000000000036e+00
-6.790000000000000036e+00
-6.790000000000000036e+00
-2.979999999999999982e+00
-2.979999999999999982e+00
-2.979999999999999982e+00
-2.979999999999999982e+00
-2.979999999999999982e+00
-2.979999999999999982e+00
-2.979999999999999982e+00
-7.070000000000000284e+00
-7.070000000000000284e+00
-7.070000000000000284e+00
-7.070000000000000284e+00
-7.070000000000000284e+00
-7.070000000000000284e+00
-7.070000000000000284e+00
-1.159999999999999920e+00
-1.159999999999999920e+00
-1.159999999999999920e+00
-1.159999999999999920e+00
-1.159999999999999920e+00
-1.159999999999999920e+00
2.560000000000000053e+00
2.560000000000000053e+00
2.560000000000000053e+00
2.560000000000000053e+00
2.560000000000000053e+00
2.560000000000000053e+00
2.560000000000000053e+00
-3.520000000000000018e+00
-3.520000000000000018e+00
-3.520000000000000018e+00
-3.520000000000000018e+00
-3.520000000000000018e+00
-3.520000000000000018e+00
-3.709999999999999964e+00
-3.709999999999999964e+00
-3.709999999999999964e+00
-3.709999999999999964e+00
-3.709999999999999964e+00
-4.580000000000000071e+00
-4.580000000000000071e+00
-4.580000000000000071e+00
-4.580000000000000071e+00
-4.580000000000000071e+00
-4.580000000000000071e+00
-4.580000000000000071e+00
-3.879999999999999893e+00
-3.879999999999999893e+00
-3.879999999999999893e+00
-3.879999999999999893e+00
-3.879999999999999893e+00
-3.879999999999999893e+00
-3.879999999999999893e+00
-7.620000000000000107e+00
-7.620000000000000107e+00
-7.620000000000000107e+00
-7.620000000000000107e+00
-7.620000000000000107e+00
-7.620000000000000107e+00
-7.620000000000000107e+00
2.509999999999999787e+00
2.509999999999999787e+00
2.509999999999999787e+00
2.509999999999999787e+00
2.509999999999999787e+00
2.509999999999999787e+00
0.000000000000000000e+00
0.000000000000000000e+00
0.000000000000000000e+00
0.000000000000000000e+00
0.000000000000000000e+00
0.000000000000000000e+00
0.000000000000000000e+00
-4.089999999999999858e+00
-4.089999999999999858e+00
-4.089999999999999858e+00
-4.089999999999999858e+00
-4.089999999999999858e+00
-4.089999999999999858e+00
-4.089999999999999858e+00
-5.990000000000000213e+00
-5.990000000000000213e+00
-5.990000000000000213e+00
-5.990000000000000213e+00
-5.990000000000000213e+00
-5.990000000000000213e+00
-5.990000000000000213e+00
-4.519999999999999574e+00
-4.519999999999999574e+00
-4.519999999999999574e+00
-4.519999999999999574e+00
-4.519999999999999574e+00
-4.519999999999999574e+00
-4.519999999999999574e+00
-2.790000000000000036e+00
-2.790000000000000036e+00
-2.790000000000000036e+00
-2.790000000000000036e+00
-2.790000000000000036e+00
-2.790000000000000036e+00
-2.790000000000000036e+00
-3.339999999999999858e+00
-3.339999999999999858e+00
-3.339999999999999858e+00
-3.339999999999999858e+00
-3.339999999999999858e+00
-3.339999999999999858e+00
-4.860000000000000320e+00
-4.860000000000000320e+00
-4.860000000000000320e+00
-4.860000000000000320e+00
-4.860000000000000320e+00
-4.860000000000000320e+00
-4.860000000000000320e+00
-3.640000000000000124e+00
-3.640000000000000124e+00
-3.640000000000000124e+00
-3.640000000000000124e+00
-3.640000000000000124e+00
-3.640000000000000124e+00
-3.640000000000000124e+00
-1.642999999999999972e+01
-1.642999999999999972e+01
-1.642999999999999972e+01
-1.642999999999999972e+01
-1.642999999999999972e+01
-1.642999999999999972e+01
-1.642999999999999972e+01
-4.610000000000000320e+00
-4.610000000000000320e+00
-4.610000000000000320e+00
-4.610000000000000320e+00
-4.610000000000000320e+00
-4.610000000000000320e+00
-4.610000000000000320e+00
-5.300000000000000266e-01
-5.300000000000000266e-01
-5.300000000000000266e-01
-5.300000000000000266e-01
-4.400000000000000355e+00
-4.400000000000000355e+00
-4.400000000000000355e+00
-4.400000000000000355e+00
-4.400000000000000355e+00
-4.400000000000000355e+00
-4.400000000000000355e+00
2.299999999999999822e+00
2.299999999999999822e+00
2.299999999999999822e+00
2.299999999999999822e+00
-1.379999999999999893e+00
-1.379999999999999893e+00
-1.379999999999999893e+00
-1.379999999999999893e+00
-1.379999999999999893e+00
-1.379999999999999893e+00
-1.610000000000000098e+00
-1.610000000000000098e+00
-5.330000000000000071e+00
-5.330000000000000071e+00
-5.330000000000000071e+00
-5.330000000000000071e+00
-5.330000000000000071e+00
-5.330000000000000071e+00
-5.330000000000000071e+00
-5.699999999999999512e-01
-5.699999999999999512e-01
-5.699999999999999512e-01
-5.699999999999999512e-01
-9.939999999999999503e+00
-9.939999999999999503e+00
-9.939999999999999503e+00
-9.939999999999999503e+00
-9.939999999999999503e+00
-9.939999999999999503e+00
-9.939999999999999503e+00
-2.160000000000000142e+00
-2.160000000000000142e+00
-2.160000000000000142e+00
-2.160000000000000142e+00
-2.160000000000000142e+00
-2.160000000000000142e+00
-2.160000000000000142e+00
6.800000000000000488e-01
6.800000000000000488e-01
6.800000000000000488e-01
6.800000000000000488e-01
6.800000000000000488e-01
-1.871999999999999886e+01
-1.871999999999999886e+01
-1.871999999999999886e+01
-1.871999999999999886e+01
-1.871999999999999886e+01
-1.871999999999999886e+01
-1.871999999999999886e+01
-1.280000000000000027e+00
-1.280000000000000027e+00
-1.280000000000000027e+00
-1.280000000000000027e+00
-1.280000000000000027e+00
-1.280000000000000027e+00
7.099999999999999645e-01
7.099999999999999645e-01
7.099999999999999645e-01
7.099999999999999645e-01
7.099999999999999645e-01
7.099999999999999645e-01
7.099999999999999645e-01
-1.929999999999999938e+00
-1.929999999999999938e+00
-1.929999999999999938e+00
-1.929999999999999938e+00
-1.929999999999999938e+00
-1.929999999999999938e+00
-1.929999999999999938e+00
1.159999999999999920e+00
1.159999999999999920e+00
1.159999999999999920e+00
1.159999999999999920e+00
-9.820000000000000284e+00
-9.820000000000000284e+00
-9.820000000000000284e+00
-9.820000000000000284e+00
-9.820000000000000284e+00
-9.820000000000000284e+00
-9.820000000000000284e+00
-4.500000000000000000e+00
-4.500000000000000000e+00
-4.500000000000000000e+00
-2.399999999999999911e+00
-2.399999999999999911e+00
-2.399999999999999911e+00
-2.399999999999999911e+00
-2.399999999999999911e+00
-2.299999999999999822e+00
-2.299999999999999822e+00
-2.299999999999999822e+00
-2.299999999999999822e+00
-5.660000000000000142e+00
-5.660000000000000142e+00
-5.660000000000000142e+00
-5.660000000000000142e+00
-5.660000000000000142e+00
-5.660000000000000142e+00
-5.660000000000000142e+00
-4.099999999999999645e+00
-4.099999999999999645e+00
-4.099999999999999645e+00
-4.099999999999999645e+00
-4.099999999999999645e+00
-4.099999999999999645e+00
-4.099999999999999645e+00
-9.609999999999999432e+00
-9.609999999999999432e+00
-9.609999999999999432e+00
-9.609999999999999432e+00
-9.609999999999999432e+00
-9.609999999999999432e+00
-9.609999999999999432e+00
2.830000000000000071e+00
2.830000000000000071e+00
2.830000000000000071e+00
2.830000000000000071e+00
2.830000000000000071e+00
-7.290000000000000036e+00
-7.290000000000000036e+00
-7.290000000000000036e+00
-7.290000000000000036e+00
-7.290000000000000036e+00
-7.290000000000000036e+00
-7.290000000000000036e+00
-7.480000000000000426e+00
-7.480000000000000426e+00
-7.480000000000000426e+00
-7.480000000000000426e+00
-7.480000000000000426e+00
-7.480000000000000426e+00
-7.480000000000000426e+00
-6.009999999999999787e+00
-6.009999999999999787e+00
-6.009999999999999787e+00
-6.009999999999999787e+00
-6.009999999999999787e+00
-6.009999999999999787e+00
-6.009999999999999787e+00
-1.139999999999999902e+00
-1.139999999999999902e+00
-1.139999999999999902e+00
-1.139999999999999902e+00
-1.139999999999999902e+00
-1.139999999999999902e+00
-1.139999999999999902e+00
-5.480000000000000426e+00
-5.480000000000000426e+00
-5.480000000000000426e+00
-5.480000000000000426e+00
-5.480000000000000426e+00
-2.479999999999999982e+00
-2.479999999999999982e+00
-2.479999999999999982e+00
-2.479999999999999982e+00
-2.479999999999999982e+00
-2.479999999999999982e+00
-6.129999999999999893e+00
-6.129999999999999893e+00
-6.129999999999999893e+00
-6.129999999999999893e+00
-6.129999999999999893e+00
-6.129999999999999893e+00
-6.129999999999999893e+00
-2.680000000000000160e+00
-2.680000000000000160e+00
-2.680000000000000160e+00
-2.680000000000000160e+00
-2.680000000000000160e+00
-2.680000000000000160e+00
-2.680000000000000160e+00
-4.769999999999999574e+00
-4.769999999999999574e+00
-4.769999999999999574e+00
-4.769999999999999574e+00
-4.769999999999999574e+00
-4.769999999999999574e+00
-4.769999999999999574e+00
-4.969999999999999751e+00
-4.969999999999999751e+00
-4.969999999999999751e+00
-4.969999999999999751e+00
-4.969999999999999751e+00
-4.969999999999999751e+00
-4.969999999999999751e+00
-4.799999999999999822e+00
-4.799999999999999822e+00
-4.799999999999999822e+00
-4.799999999999999822e+00
-4.799999999999999822e+00
-4.799999999999999822e+00
-5.219999999999999751e+00
-5.219999999999999751e+00
-5.219999999999999751e+00
-5.219999999999999751e+00
-5.219999999999999751e+00
-5.219999999999999751e+00
-5.219999999999999751e+00
-5.000000000000000000e+00
-5.000000000000000000e+00
-5.000000000000000000e+00
-4.370000000000000107e+00
-4.370000000000000107e+00
-4.370000000000000107e+00
-4.370000000000000107e+00
-4.370000000000000107e+00
-4.370000000000000107e+00
-4.370000000000000107e+00
-5.660000000000000142e+00
-5.660000000000000142e+00
-5.660000000000000142e+00
-5.660000000000000142e+00
-5.660000000000000142e+00
-5.660000000000000142e+00
-5.660000000000000142e+00
-1.773999999999999844e+01
-1.773999999999999844e+01
-1.773999999999999844e+01
-1.773999999999999844e+01
-1.773999999999999844e+01
-1.773999999999999844e+01
-1.773999999999999844e+01
-2.939999999999999947e+00
-2.939999999999999947e+00
-2.939999999999999947e+00
-2.939999999999999947e+00
-2.939999999999999947e+00
-2.939999999999999947e+00
-2.490000000000000213e+00
-2.490000000000000213e+00
-2.490000000000000213e+00
-2.490000000000000213e+00
-2.490000000000000213e+00
-2.490000000000000213e+00
-2.490000000000000213e+00
-6.250000000000000000e+00
-6.250000000000000000e+00
-6.250000000000000000e+00
-6.250000000000000000e+00
-6.250000000000000000e+00
-6.250000000000000000e+00
-6.250000000000000000e+00
-1.026999999999999957e+01
-1.026999999999999957e+01
-1.026999999999999957e+01
-1.026999999999999957e+01
-1.026999999999999957e+01
-1.026999999999999957e+01
-3.729999999999999982e+00
-3.729999999999999982e+00
-3.729999999999999982e+00
-3.729999999999999982e+00
-3.729999999999999982e+00
-3.729999999999999982e+00
-3.729999999999999982e+00
-1.022000000000000064e+01
-1.022000000000000064e+01
-1.022000000000000064e+01
-1.022000000000000064e+01
-1.022000000000000064e+01
-1.022000000000000064e+01
-1.022000000000000064e+01
-2.500000000000000000e-01
-2.500000000000000000e-01
-2.500000000000000000e-01
-2.500000000000000000e-01
1.830000000000000071e+00
1.830000000000000071e+00
1.830000000000000071e+00
1.830000000000000071e+00
1.830000000000000071e+00
-2.129999999999999893e+00
-2.129999999999999893e+00
-2.490000000000000213e+00
-2.490000000000000213e+00
-2.490000000000000213e+00
-2.490000000000000213e+00
-2.490000000000000213e+00
-2.490000000000000213e+00
-2.490000000000000213e+00
1.919999999999999929e+00
1.919999999999999929e+00
1.919999999999999929e+00
1.919999999999999929e+00
1.919999999999999929e+00
1.919999999999999929e+00
1.919999999999999929e+00
-1.209999999999999964e+00
-1.209999999999999964e+00
-1.209999999999999964e+00
-1.209999999999999964e+00
-1.209999999999999964e+00
-3.520000000000000018e+00
-3.520000000000000018e+00
-3.520000000000000018e+00
-3.520000000000000018e+00
-3.520000000000000018e+00
-3.520000000000000018e+00
-3.520000000000000018e+00
2.930000000000000160e+00
2.930000000000000160e+00
2.930000000000000160e+00
2.930000000000000160e+00
2.930000000000000160e+00
2.930000000000000160e+00
2.930000000000000160e+00
-6.190000000000000391e+00
-6.190000000000000391e+00
-6.190000000000000391e+00
-6.190000000000000391e+00
-6.190000000000000391e+00
-6.190000000000000391e+00
-6.190000000000000391e+00
-3.089999999999999858e+00
-3.089999999999999858e+00
-3.089999999999999858e+00
-3.089999999999999858e+00
-3.089999999999999858e+00
-3.089999999999999858e+00
-3.089999999999999858e+00
-2.259999999999999787e+00
-2.259999999999999787e+00
-2.259999999999999787e+00
-2.259999999999999787e+00
-2.259999999999999787e+00
-2.259999999999999787e+00
-2.259999999999999787e+00
1.010000000000000009e+00
1.010000000000000009e+00
1.010000000000000009e+00
1.010000000000000009e+00
1.010000000000000009e+00
-7.809999999999999609e+00
-7.809999999999999609e+00
-7.809999999999999609e+00
-7.809999999999999609e+00
-7.809999999999999609e+00
-9.839999999999999858e+00
-9.839999999999999858e+00
-9.839999999999999858e+00
-9.839999999999999858e+00
-9.839999999999999858e+00
-9.839999999999999858e+00
-9.839999999999999858e+00
-2.560000000000000053e+00
-2.560000000000000053e+00
-2.560000000000000053e+00
-2.560000000000000053e+00
-2.560000000000000053e+00
-5.940000000000000391e+00
-5.940000000000000391e+00
-5.940000000000000391e+00
-5.940000000000000391e+00
-5.940000000000000391e+00
-5.940000000000000391e+00
-5.940000000000000391e+00
-2.220000000000000195e+00
-2.220000000000000195e+00
-2.220000000000000195e+00
-2.220000000000000195e+00
-2.220000000000000195e+00
-2.220000000000000195e+00
-2.220000000000000195e+00
-8.000000000000000444e-01
-8.000000000000000444e-01
-8.000000000000000444e-01
-8.000000000000000444e-01
-3.709999999999999964e+00
-3.709999999999999964e+00
-3.709999999999999964e+00
-3.709999999999999964e+00
-3.709999999999999964e+00
-3.709999999999999964e+00
-3.709999999999999964e+00
-2.149999999999999911e+00
-2.149999999999999911e+00
-2.149999999999999911e+00
-2.149999999999999911e+00
-2.149999999999999911e+00
-2.149999999999999911e+00
-2.149999999999999911e+00
-9.509999999999999787e+00
-9.509999999999999787e+00
-9.509999999999999787e+00
-9.509999999999999787e+00
-9.509999999999999787e+00
-9.509999999999999787e+00
-9.509999999999999787e+00
-4.799999999999999822e-01
-4.799999999999999822e-01
-4.799999999999999822e-01
-4.009999999999999787e+00
-4.009999999999999787e+00
-4.009999999999999787e+00
-4.009999999999999787e+00
-4.009999999999999787e+00
-4.009999999999999787e+00
-4.009999999999999787e+00
-4.580000000000000071e+00
-4.580000000000000071e+00
-4.580000000000000071e+00
-4.580000000000000071e+00
-4.580000000000000071e+00
-4.580000000000000071e+00
-4.580000000000000071e+00
-7.030000000000000249e+00
-7.030000000000000249e+00
-7.030000000000000249e+00
-7.030000000000000249e+00
-7.030000000000000249e+00
-7.030000000000000249e+00
-7.030000000000000249e+00
-4.549999999999999822e+00
-4.549999999999999822e+00
-6.339999999999999858e+00
-6.339999999999999858e+00
-6.339999999999999858e+00
-6.339999999999999858e+00
-6.339999999999999858e+00
-6.339999999999999858e+00
-6.339999999999999858e+00
-2.290000000000000036e+00
-2.290000000000000036e+00
-2.290000000000000036e+00
-2.290000000000000036e+00
-2.290000000000000036e+00
-2.290000000000000036e+00
-2.290000000000000036e+00
-2.640000000000000124e+00
-2.640000000000000124e+00
-2.640000000000000124e+00
-2.640000000000000124e+00
-2.640000000000000124e+00
-2.640000000000000124e+00
-2.640000000000000124e+00
-1.659999999999999920e+00
-1.659999999999999920e+00
-1.659999999999999920e+00
-1.659999999999999920e+00
-1.659999999999999920e+00
-1.659999999999999920e+00
-1.659999999999999920e+00
-1.194999999999999929e+01
-1.194999999999999929e+01
-1.194999999999999929e+01
-1.194999999999999929e+01
-1.194999999999999929e+01
-1.194999999999999929e+01
-1.194999999999999929e+01
-1.100000000000000089e+00
-1.100000000000000089e+00
-1.100000000000000089e+00
-1.100000000000000089e+00
-1.100000000000000089e+00
-1.100000000000000089e+00
-1.100000000000000089e+00
-2.370000000000000107e+00
-2.370000000000000107e+00
-2.370000000000000107e+00
-2.370000000000000107e+00
-7.000000000000000000e+00
-7.000000000000000000e+00
-7.000000000000000000e+00
-7.000000000000000000e+00
-7.000000000000000000e+00
-7.000000000000000000e+00
-7.000000000000000000e+00
-4.450000000000000178e+00
-4.450000000000000178e+00
-4.450000000000000178e+00
-4.450000000000000178e+00
-4.450000000000000178e+00
-4.450000000000000178e+00
-4.450000000000000178e+00
-1.919999999999999929e+00
-1.919999999999999929e+00
-1.919999999999999929e+00
-1.919999999999999929e+00
-1.919999999999999929e+00
-1.919999999999999929e+00
-1.919999999999999929e+00
1.699999999999999956e+00
1.699999999999999956e+00
1.699999999999999956e+00
1.699999999999999956e+00
1.699999999999999956e+00
1.699999999999999956e+00
1.699999999999999956e+00
-5.899999999999999689e-01
-5.899999999999999689e-01
-5.899999999999999689e-01
-5.179999999999999716e+00
-5.179999999999999716e+00
-5.179999999999999716e+00
-5.179999999999999716e+00
-5.179999999999999716e+00
-5.179999999999999716e+00
-5.179999999999999716e+00
-3.470000000000000195e+00
-3.470000000000000195e+00
-3.470000000000000195e+00
-3.470000000000000195e+00
-3.470000000000000195e+00
-5.230000000000000426e+00
-5.230000000000000426e+00
-5.230000000000000426e+00
-5.230000000000000426e+00
-5.230000000000000426e+00
-5.230000000000000426e+00
-5.230000000000000426e+00
-1.064000000000000057e+01
-1.064000000000000057e+01
-1.064000000000000057e+01
-1.064000000000000057e+01
-1.064000000000000057e+01
-1.064000000000000057e+01
-1.064000000000000057e+01
-2.129999999999999893e+00
-2.129999999999999893e+00
-2.129999999999999893e+00
-2.129999999999999893e+00
-2.129999999999999893e+00
-2.129999999999999893e+00
-2.129999999999999893e+00
-2.700000000000000178e+00
-2.700000000000000178e+00
-2.700000000000000178e+00
-2.700000000000000178e+00
-2.700000000000000178e+00
-2.700000000000000178e+00
-9.199999999999999289e+00
-9.199999999999999289e+00
-9.199999999999999289e+00
-9.199999999999999289e+00
-9.199999999999999289e+00
-9.199999999999999289e+00
-9.199999999999999289e+00
2.879999999999999893e+00
2.879999999999999893e+00
2.879999999999999893e+00
2.879999999999999893e+00
2.879999999999999893e+00
2.879999999999999893e+00
2.879999999999999893e+00
-4.429999999999999716e+00
-4.429999999999999716e+00
-4.429999999999999716e+00
-4.429999999999999716e+00
-4.429999999999999716e+00
-4.429999999999999716e+00
-1.429999999999999938e+00
-1.429999999999999938e+00
-1.429999999999999938e+00
-1.429999999999999938e+00
-1.429999999999999938e+00
-1.429999999999999938e+00
-1.274000000000000021e+01
-1.274000000000000021e+01
-1.274000000000000021e+01
-1.274000000000000021e+01
-1.274000000000000021e+01
-1.274000000000000021e+01
-1.274000000000000021e+01
-3.040000000000000036e+00
-3.040000000000000036e+00
-3.040000000000000036e+00
-3.040000000000000036e+00
-3.040000000000000036e+00
-3.040000000000000036e+00
-3.040000000000000036e+00
-6.620000000000000107e+00
-6.620000000000000107e+00
-6.620000000000000107e+00
-6.620000000000000107e+00
-6.620000000000000107e+00
-6.620000000000000107e+00
-6.620000000000000107e+00
-5.300000000000000266e-01
-5.300000000000000266e-01
-5.300000000000000266e-01
-5.300000000000000266e-01
-5.300000000000000266e-01
-5.300000000000000266e-01
-5.300000000000000266e-01
-1.600000000000000033e-01
-1.600000000000000033e-01
-1.600000000000000033e-01
-1.600000000000000033e-01
-1.600000000000000033e-01
1.379999999999999893e+00
1.379999999999999893e+00
1.379999999999999893e+00
1.379999999999999893e+00
-5.500000000000000444e-01
-5.500000000000000444e-01
-3.810000000000000053e+00
-3.810000000000000053e+00
-3.810000000000000053e+00
-3.810000000000000053e+00
-3.810000000000000053e+00
-3.810000000000000053e+00
-3.810000000000000053e+00
5.000000000000000000e-01
5.000000000000000000e-01
5.000000000000000000e-01
5.000000000000000000e-01
5.000000000000000000e-01
5.000000000000000000e-01
5.000000000000000000e-01
-7.399999999999999911e-01
-7.399999999999999911e-01
-7.399999999999999911e-01
-8.599999999999999867e-01
-8.599999999999999867e-01
-8.599999999999999867e-01
-8.599999999999999867e-01
-8.599999999999999867e-01
-8.599999999999999867e-01
-8.599999999999999867e-01
-4.740000000000000213e+00
-4.740000000000000213e+00
-4.740000000000000213e+00
-4.740000000000000213e+00
-1.239999999999999991e+00
-1.239999999999999991e+00
-1.239999999999999991e+00
-1.239999999999999991e+00
-1.239999999999999991e+00
-1.239999999999999991e+00
-1.239999999999999991e+00
-8.720000000000000639e+00
-8.720000000000000639e+00
-8.720000000000000639e+00
-8.720000000000000639e+00
-8.720000000000000639e+00
-8.720000000000000639e+00
-8.720000000000000639e+00
-3.950000000000000178e+00
-3.950000000000000178e+00
-3.950000000000000178e+00
-3.950000000000000178e+00
-3.950000000000000178e+00
-3.950000000000000178e+00
-3.950000000000000178e+00
-1.184999999999999964e+01
-1.184999999999999964e+01
-1.184999999999999964e+01
-1.184999999999999964e+01
-1.184999999999999964e+01
-1.184999999999999964e+01
-1.184999999999999964e+01
-6.269999999999999574e+00
-6.269999999999999574e+00
-6.269999999999999574e+00
-6.269999999999999574e+00
-6.269999999999999574e+00
-6.269999999999999574e+00
-6.269999999999999574e+00
1.090000000000000080e+00
1.090000000000000080e+00
1.090000000000000080e+00
1.090000000000000080e+00
1.090000000000000080e+00
-3.450000000000000178e+00
-3.450000000000000178e+00
-3.450000000000000178e+00
-3.450000000000000178e+00
-3.450000000000000178e+00
-3.450000000000000178e+00
-3.450000000000000178e+00
-9.800000000000000711e+00
-9.800000000000000711e+00
-9.800000000000000711e+00
-9.800000000000000711e+00
-9.800000000000000711e+00
-9.800000000000000711e+00
-9.800000000000000711e+00
-6.400000000000000133e-01
-6.400000000000000133e-01
-6.400000000000000133e-01
-6.400000000000000133e-01
-6.400000000000000133e-01
-4.400000000000000355e+00
-4.400000000000000355e+00
-4.400000000000000355e+00
-4.400000000000000355e+00
-4.400000000000000355e+00
-4.400000000000000355e+00
-4.400000000000000355e+00
-5.450000000000000178e+00
-5.450000000000000178e+00
-5.450000000000000178e+00
-5.450000000000000178e+00
-5.450000000000000178e+00
-5.450000000000000178e+00
-5.450000000000000178e+00
-6.790000000000000036e+00
-6.790000000000000036e+00
-6.790000000000000036e+00
-6.790000000000000036e+00
-6.790000000000000036e+00
-6.790000000000000036e+00
-6.790000000000000036e+00
-7.429999999999999716e+00
-7.429999999999999716e+00
-7.429999999999999716e+00
-7.429999999999999716e+00
-7.429999999999999716e+00
-7.429999999999999716e+00
-7.429999999999999716e+00
-2.810000000000000053e+00
-2.810000000000000053e+00
-2.810000000000000053e+00
-2.810000000000000053e+00
-2.810000000000000053e+00
-2.810000000000000053e+00
-2.810000000000000053e+00
-1.949999999999999956e+00
-1.949999999999999956e+00
-1.949999999999999956e+00
-1.949999999999999956e+00
-6.099999999999999645e+00
-6.099999999999999645e+00
-6.099999999999999645e+00
-6.099999999999999645e+00
-6.099999999999999645e+00
-6.099999999999999645e+00
-6.099999999999999645e+00
-2.450000000000000178e+00
-2.450000000000000178e+00
-2.450000000000000178e+00
-2.450000000000000178e+00
-2.450000000000000178e+00
-2.450000000000000178e+00
-2.450000000000000178e+00
-2.546999999999999886e+01
-2.546999999999999886e+01
-2.546999999999999886e+01
-2.546999999999999886e+01
-2.546999999999999886e+01
-2.546999999999999886e+01
-2.546999999999999886e+01
-2.490000000000000213e+00
-2.490000000000000213e+00
-2.490000000000000213e+00
-2.490000000000000213e+00
-2.490000000000000213e+00
-2.490000000000000213e+00
-2.490000000000000213e+00
-1.239999999999999991e+00
-1.239999999999999991e+00
-1.239999999999999991e+00
-1.239999999999999991e+00
-1.239999999999999991e+00
-1.239999999999999991e+00
-1.239999999999999991e+00
-8.900000000000000133e-01
-8.900000000000000133e-01
-5.490000000000000213e+00
-5.490000000000000213e+00
-5.490000000000000213e+00
-5.490000000000000213e+00
-5.490000000000000213e+00
-5.490000000000000213e+00
-5.490000000000000213e+00
-4.719999999999999751e+00
-4.719999999999999751e+00
-4.719999999999999751e+00
-4.719999999999999751e+00
-4.719999999999999751e+00
-4.719999999999999751e+00
-4.719999999999999751e+00
-7.500000000000000000e+00
-7.500000000000000000e+00
-7.500000000000000000e+00
-7.500000000000000000e+00
-7.500000000000000000e+00
-7.500000000000000000e+00
-7.500000000000000000e+00
-4.349999999999999645e+00
-4.349999999999999645e+00
-4.349999999999999645e+00
-4.349999999999999645e+00
-4.349999999999999645e+00
-4.349999999999999645e+00
-6.690000000000000391e+00
-6.690000000000000391e+00
-6.690000000000000391e+00
-6.690000000000000391e+00
-6.690000000000000391e+00
-6.690000000000000391e+00
-5.330000000000000071e+00
-5.330000000000000071e+00
-5.330000000000000071e+00
-5.330000000000000071e+00
-5.330000000000000071e+00
-5.330000000000000071e+00
-5.330000000000000071e+00
1.600000000000000033e-01
1.600000000000000033e-01
1.600000000000000033e-01
1.600000000000000033e-01
1.600000000000000033e-01
1.600000000000000033e-01
1.600000000000000033e-01
-4.200000000000000178e+00
-4.200000000000000178e+00
-4.200000000000000178e+00
-4.200000000000000178e+00
-4.200000000000000178e+00
-4.200000000000000178e+00
-4.200000000000000178e+00
-3.580000000000000071e+00
-3.580000000000000071e+00
-3.580000000000000071e+00
-3.580000000000000071e+00
-3.580000000000000071e+00
-3.580000000000000071e+00
-3.580000000000000071e+00
-6.160000000000000142e+00
-6.160000000000000142e+00
-6.160000000000000142e+00
-6.160000000000000142e+00
-6.160000000000000142e+00
-6.160000000000000142e+00
-6.160000000000000142e+00
-3.439999999999999947e+00
-3.439999999999999947e+00
-3.439999999999999947e+00
-3.439999999999999947e+00
-3.439999999999999947e+00
-3.439999999999999947e+00
-3.439999999999999947e+00
-5.570000000000000284e+00
-5.570000000000000284e+00
-5.570000000000000284e+00
-5.570000000000000284e+00
-5.570000000000000284e+00
-5.570000000000000284e+00
-5.570000000000000284e+00
-3.879999999999999893e+00
-3.879999999999999893e+00
-3.879999999999999893e+00
-3.879999999999999893e+00
-3.879999999999999893e+00
-3.879999999999999893e+00
-3.879999999999999893e+00
-1.909999999999999920e+00
-1.909999999999999920e+00
-4.089999999999999858e+00
-4.089999999999999858e+00
-4.089999999999999858e+00
-4.089999999999999858e+00
-4.089999999999999858e+00
-4.089999999999999858e+00
-8.109999999999999432e+00
-8.109999999999999432e+00
-8.109999999999999432e+00
-8.109999999999999432e+00
-8.109999999999999432e+00
-8.109999999999999432e+00
-8.109999999999999432e+00
-5.209999999999999964e+00
-5.209999999999999964e+00
-5.209999999999999964e+00
-5.209999999999999964e+00
-5.209999999999999964e+00
-5.209999999999999964e+00
-5.209999999999999964e+00
1.070000000000000062e+00
1.070000000000000062e+00
1.070000000000000062e+00
1.070000000000000062e+00
1.070000000000000062e+00
1.070000000000000062e+00
1.070000000000000062e+00
-6.320000000000000284e+00
-6.320000000000000284e+00
-6.320000000000000284e+00
-6.320000000000000284e+00
-6.320000000000000284e+00
-6.320000000000000284e+00
-6.320000000000000284e+00
-2.999999999999999889e-01
-2.999999999999999889e-01
-2.999999999999999889e-01
-2.999999999999999889e-01
-2.999999999999999889e-01
-2.999999999999999889e-01
-2.999999999999999889e-01
-1.008000000000000007e+01
-1.008000000000000007e+01
-1.008000000000000007e+01
-1.008000000000000007e+01
-1.008000000000000007e+01
-8.839999999999999858e+00
-8.839999999999999858e+00
-8.839999999999999858e+00
-8.839999999999999858e+00
-8.839999999999999858e+00
-8.839999999999999858e+00
-8.839999999999999858e+00
-1.100999999999999979e+01
-1.100999999999999979e+01
-1.100999999999999979e+01
-1.100999999999999979e+01
-1.100999999999999979e+01
-1.100999999999999979e+01
-1.100999999999999979e+01
-1.120000000000000107e+00
-1.120000000000000107e+00
-1.120000000000000107e+00
-1.120000000000000107e+00
-1.120000000000000107e+00
-1.120000000000000107e+00
-1.120000000000000107e+00
-4.290000000000000036e+00
-4.290000000000000036e+00
-4.290000000000000036e+00
-4.290000000000000036e+00
-4.290000000000000036e+00
-4.290000000000000036e+00
-4.290000000000000036e+00
-5.209999999999999964e+00
-5.209999999999999964e+00
-5.209999999999999964e+00
-5.209999999999999964e+00
-5.209999999999999964e+00
-5.209999999999999964e+00
-5.209999999999999964e+00
-7.280000000000000249e+00
-7.280000000000000249e+00
-7.280000000000000249e+00
-7.280000000000000249e+00
-7.280000000000000249e+00
-7.280000000000000249e+00
-7.280000000000000249e+00
-2.500000000000000000e-01
-2.500000000000000000e-01
-2.500000000000000000e-01
-2.500000000000000000e-01
-2.500000000000000000e-01
-2.500000000000000000e-01
-2.500000000000000000e-01
-4.500000000000000000e+00
-4.500000000000000000e+00
-4.500000000000000000e+00
-4.500000000000000000e+00
-4.500000000000000000e+00
2.549999999999999822e+00
2.549999999999999822e+00
2.549999999999999822e+00
2.549999999999999822e+00
2.549999999999999822e+00
2.549999999999999822e+00
2.549999999999999822e+00
-3.180000000000000160e+00
-3.180000000000000160e+00
-3.180000000000000160e+00
-3.180000000000000160e+00
-3.180000000000000160e+00
-1.817000000000000171e+01
-1.817000000000000171e+01
-1.817000000000000171e+01
-1.817000000000000171e+01
-1.817000000000000171e+01
-1.817000000000000171e+01
-1.817000000000000171e+01
-2.560000000000000053e+00
-2.560000000000000053e+00
-2.560000000000000053e+00
-2.560000000000000053e+00
-2.560000000000000053e+00
-2.560000000000000053e+00
-2.560000000000000053e+00
-2.930000000000000160e+00
-2.930000000000000160e+00
-2.930000000000000160e+00
-2.930000000000000160e+00
-2.930000000000000160e+00
-2.930000000000000160e+00
-2.689999999999999947e+00
-2.689999999999999947e+00
-2.689999999999999947e+00
-2.689999999999999947e+00
-2.689999999999999947e+00
-2.689999999999999947e+00
-2.689999999999999947e+00
-5.030000000000000249e+00
-5.030000000000000249e+00
-5.030000000000000249e+00
-5.030000000000000249e+00
-7.399999999999999911e-01
-7.399999999999999911e-01
-7.399999999999999911e-01
0.000000000000000000e+00
0.000000000000000000e+00
0.000000000000000000e+00
0.000000000000000000e+00
0.000000000000000000e+00
-3.640000000000000124e+00
-3.640000000000000124e+00
-3.640000000000000124e+00
-3.640000000000000124e+00
-3.640000000000000124e+00
-3.640000000000000124e+00
-3.640000000000000124e+00
-1.340000000000000080e+00
-1.340000000000000080e+00
-1.340000000000000080e+00
-1.340000000000000080e+00
-5.849999999999999645e+00
-5.849999999999999645e+00
-5.849999999999999645e+00
-5.849999999999999645e+00
-5.849999999999999645e+00
-5.849999999999999645e+00
-5.849999999999999645e+00
1.310000000000000053e+00
1.310000000000000053e+00
1.310000000000000053e+00
1.310000000000000053e+00
1.310000000000000053e+00
-3.680000000000000160e+00
-3.680000000000000160e+00
-3.680000000000000160e+00
-3.680000000000000160e+00
-3.680000000000000160e+00
-3.680000000000000160e+00
-3.680000000000000160e+00
-5.730000000000000426e+00
-5.730000000000000426e+00
-5.730000000000000426e+00
-5.730000000000000426e+00
-5.730000000000000426e+00
-5.730000000000000426e+00
-4.690000000000000391e+00
-4.690000000000000391e+00
-4.690000000000000391e+00
-4.690000000000000391e+00
-4.690000000000000391e+00
-4.690000000000000391e+00
-4.690000000000000391e+00
-2.999999999999999889e-02
-2.999999999999999889e-02
-2.999999999999999889e-02
-2.999999999999999889e-02
-2.999999999999999889e-02
2.709999999999999964e+00
2.709999999999999964e+00
2.709999999999999964e+00
2.709999999999999964e+00
2.709999999999999964e+00
2.709999999999999964e+00
2.709999999999999964e+00
-4.589999999999999858e+00
-4.589999999999999858e+00
-4.589999999999999858e+00
-4.589999999999999858e+00
-4.589999999999999858e+00
-4.589999999999999858e+00
-4.589999999999999858e+00
-4.679999999999999716e+00
-4.679999999999999716e+00
-4.679999999999999716e+00
-4.679999999999999716e+00
-4.679999999999999716e+00
-4.679999999999999716e+00
-4.679999999999999716e+00
-3.220000000000000195e+00
-3.220000000000000195e+00
-3.220000000000000195e+00
-3.220000000000000195e+00
-3.040000000000000036e+00
-3.040000000000000036e+00
-3.040000000000000036e+00
-3.040000000000000036e+00
-3.040000000000000036e+00
-3.040000000000000036e+00
-3.040000000000000036e+00
-3.540000000000000036e+00
-3.540000000000000036e+00
-3.540000000000000036e+00
-3.540000000000000036e+00
-3.540000000000000036e+00
-3.540000000000000036e+00
-3.540000000000000036e+00
-4.160000000000000142e+00
-4.160000000000000142e+00
-4.160000000000000142e+00
-4.160000000000000142e+00
-4.160000000000000142e+00
-4.160000000000000142e+00
-4.160000000000000142e+00
-4.709999999999999964e+00
-4.709999999999999964e+00
-4.709999999999999964e+00
-4.709999999999999964e+00
-4.709999999999999964e+00
-4.709999999999999964e+00
-4.709999999999999964e+00
-4.400000000000000022e-01
-4.400000000000000022e-01
-4.400000000000000022e-01
-4.400000000000000022e-01
-4.400000000000000022e-01
-4.400000000000000022e-01
-4.400000000000000022e-01
-2.209999999999999964e+00
-2.209999999999999964e+00
-2.209999999999999964e+00
-2.209999999999999964e+00
-2.209999999999999964e+00
-2.209999999999999964e+00
-5.040000000000000036e+00
-5.040000000000000036e+00
-5.040000000000000036e+00
-5.040000000000000036e+00
-5.040000000000000036e+00
-5.040000000000000036e+00
-5.040000000000000036e+00
-9.619999999999999218e+00
-9.619999999999999218e+00
-9.619999999999999218e+00
-9.619999999999999218e+00
-9.619999999999999218e+00
-9.619999999999999218e+00
-9.619999999999999218e+00
-2.319999999999999840e+00
-2.319999999999999840e+00
-2.319999999999999840e+00
-2.319999999999999840e+00
-3.169999999999999929e+00
-3.169999999999999929e+00
-3.169999999999999929e+00
-3.169999999999999929e+00
-3.169999999999999929e+00
-3.169999999999999929e+00
-3.169999999999999929e+00
-2.229999999999999982e+00
-2.229999999999999982e+00
-2.229999999999999982e+00
-2.229999999999999982e+00
-2.229999999999999982e+00
-2.229999999999999982e+00
-2.229999999999999982e+00
-1.546000000000000085e+01
-1.546000000000000085e+01
-1.546000000000000085e+01
-1.546000000000000085e+01
-1.546000000000000085e+01
-1.546000000000000085e+01
-1.546000000000000085e+01
-5.040000000000000036e+00
-5.040000000000000036e+00
-5.040000000000000036e+00
-5.040000000000000036e+00
-5.040000000000000036e+00
-5.040000000000000036e+00
-5.040000000000000036e+00
2.520000000000000018e+00
2.520000000000000018e+00
2.520000000000000018e+00
2.520000000000000018e+00
2.520000000000000018e+00
2.520000000000000018e+00
2.520000000000000018e+00
-3.129999999999999893e+00
-3.129999999999999893e+00
-3.129999999999999893e+00
-3.129999999999999893e+00
-3.129999999999999893e+00
-3.129999999999999893e+00
1.830000000000000071e+00
-2.779999999999999805e+00
-2.779999999999999805e+00
-2.779999999999999805e+00
-2.779999999999999805e+00
-2.779999999999999805e+00
-2.779999999999999805e+00
-2.779999999999999805e+00
-3.350000000000000089e+00
-3.350000000000000089e+00
-3.350000000000000089e+00
-3.350000000000000089e+00
-3.350000000000000089e+00
-3.350000000000000089e+00
-3.350000000000000089e+00
-1.639999999999999902e+00
-1.639999999999999902e+00
-1.639999999999999902e+00
-1.639999999999999902e+00
-1.639999999999999902e+00
-5.709999999999999964e+00
-5.709999999999999964e+00
-5.709999999999999964e+00
-5.709999999999999964e+00
-5.709999999999999964e+00
-5.709999999999999964e+00
-5.709999999999999964e+00
-1.590000000000000080e+00
-1.590000000000000080e+00
-1.590000000000000080e+00
-1.590000000000000080e+00
-6.690000000000000391e+00
-6.690000000000000391e+00
-6.690000000000000391e+00
-6.690000000000000391e+00
-4.000000000000000222e-01
-4.000000000000000222e-01
-4.000000000000000222e-01
-4.000000000000000222e-01
-4.000000000000000222e-01
-4.000000000000000222e-01
-4.000000000000000222e-01
-4.620000000000000107e+00
-4.620000000000000107e+00
-4.620000000000000107e+00
-4.620000000000000107e+00
-4.620000000000000107e+00
5.999999999999999778e-02
5.999999999999999778e-02
5.999999999999999778e-02
5.999999999999999778e-02
5.999999999999999778e-02
5.999999999999999778e-02
-6.780000000000000249e+00
-6.780000000000000249e+00
-6.780000000000000249e+00
-6.780000000000000249e+00
-6.780000000000000249e+00
-6.780000000000000249e+00
-6.780000000000000249e+00
-6.800000000000000488e-01
-6.800000000000000488e-01
-6.800000000000000488e-01
-6.800000000000000488e-01
-6.800000000000000488e-01
-6.800000000000000488e-01
-6.800000000000000488e-01
3.160000000000000142e+00
3.160000000000000142e+00
3.160000000000000142e+00
3.160000000000000142e+00
3.160000000000000142e+00
3.160000000000000142e+00
3.160000000000000142e+00
-5.059999999999999609e+00
-5.059999999999999609e+00
-5.059999999999999609e+00
-3.879999999999999893e+00
-3.879999999999999893e+00
-3.879999999999999893e+00
-4.910000000000000142e+00
-4.910000000000000142e+00
-4.910000000000000142e+00
-4.910000000000000142e+00
-4.910000000000000142e+00
-4.910000000000000142e+00
-4.910000000000000142e+00
3.129999999999999893e+00
3.129999999999999893e+00
3.129999999999999893e+00
3.129999999999999893e+00
3.129999999999999893e+00
3.129999999999999893e+00
3.129999999999999893e+00
-3.430000000000000160e+00
-3.430000000000000160e+00
-3.430000000000000160e+00
-3.430000000000000160e+00
-4.230000000000000426e+00
-4.230000000000000426e+00
-4.230000000000000426e+00
-4.230000000000000426e+00
-2.051999999999999957e+01
-2.051999999999999957e+01
-2.051999999999999957e+01
-2.051999999999999957e+01
-2.051999999999999957e+01
-2.051999999999999957e+01
-2.051999999999999957e+01
-2.640000000000000124e+00
-2.640000000000000124e+00
-2.640000000000000124e+00
-2.640000000000000124e+00
-2.640000000000000124e+00
-2.640000000000000124e+00
-2.640000000000000124e+00
-2.919999999999999929e+00
-2.919999999999999929e+00
-2.919999999999999929e+00
-2.919999999999999929e+00
-2.919999999999999929e+00
-2.919999999999999929e+00
-2.919999999999999929e+00
-4.150000000000000355e+00
-4.150000000000000355e+00
-4.150000000000000355e+00
-4.150000000000000355e+00
-4.150000000000000355e+00
-4.150000000000000355e+00
-4.150000000000000355e+00
-3.279999999999999805e+00
-3.279999999999999805e+00
-3.279999999999999805e+00
-3.279999999999999805e+00
-3.279999999999999805e+00
-3.279999999999999805e+00
-3.279999999999999805e+00
-6.349999999999999645e+00
-6.349999999999999645e+00
-6.349999999999999645e+00
-6.349999999999999645e+00
-6.349999999999999645e+00
-6.349999999999999645e+00
-6.599999999999999645e+00
-6.599999999999999645e+00
-6.599999999999999645e+00
-6.599999999999999645e+00
-6.599999999999999645e+00
-6.599999999999999645e+00
-6.599999999999999645e+00
6.700000000000000400e-01
6.700000000000000400e-01
6.700000000000000400e-01
6.700000000000000400e-01
6.700000000000000400e-01
6.700000000000000400e-01
6.700000000000000400e-01
-6.480000000000000426e+00
-6.480000000000000426e+00
-6.480000000000000426e+00
-6.480000000000000426e+00
-6.480000000000000426e+00
-6.480000000000000426e+00
-6.480000000000000426e+00
-9.799999999999999822e-01
-9.799999999999999822e-01
-9.799999999999999822e-01
-9.799999999999999822e-01
-9.799999999999999822e-01
-9.799999999999999822e-01
-9.799999999999999822e-01
1.469999999999999973e+00
1.469999999999999973e+00
1.469999999999999973e+00
1.469999999999999973e+00
1.469999999999999973e+00
1.469999999999999973e+00
-9.859999999999999432e+00
-9.859999999999999432e+00
-9.859999999999999432e+00
-9.859999999999999432e+00
-9.859999999999999432e+00
-9.859999999999999432e+00
-9.859999999999999432e+00
-2.870000000000000107e+00
-2.870000000000000107e+00
-2.870000000000000107e+00
-2.870000000000000107e+00
-2.870000000000000107e+00
-2.870000000000000107e+00
-2.870000000000000107e+00
-9.000000000000000222e-01
-9.000000000000000222e-01
-9.000000000000000222e-01
-1.114000000000000057e+01
-1.114000000000000057e+01
-1.114000000000000057e+01
-1.114000000000000057e+01
-1.114000000000000057e+01
-1.114000000000000057e+01
-1.114000000000000057e+01
-2.439999999999999947e+00
-2.439999999999999947e+00
-2.439999999999999947e+00
-2.439999999999999947e+00
-2.439999999999999947e+00
-2.439999999999999947e+00
-2.439999999999999947e+00
-7.400000000000000355e+00
-7.400000000000000355e+00
-7.400000000000000355e+00
-5.900000000000000355e+00
-5.900000000000000355e+00
-5.900000000000000355e+00
-5.900000000000000355e+00
-5.900000000000000355e+00
-5.900000000000000355e+00
-5.900000000000000355e+00
-2.450000000000000178e+00
-2.450000000000000178e+00
-2.450000000000000178e+00
-2.450000000000000178e+00
-2.450000000000000178e+00
-2.450000000000000178e+00
-2.450000000000000178e+00
-9.499999999999999556e-01
-9.499999999999999556e-01
-9.499999999999999556e-01
-9.499999999999999556e-01
-9.499999999999999556e-01
-9.499999999999999556e-01
-9.499999999999999556e-01
-3.649999999999999911e+00
-3.649999999999999911e+00
-3.649999999999999911e+00
-3.649999999999999911e+00
-3.649999999999999911e+00
-3.649999999999999911e+00
-4.849999999999999645e+00
-4.849999999999999645e+00
-4.849999999999999645e+00
-4.849999999999999645e+00
-4.219999999999999751e+00
-4.219999999999999751e+00
-4.219999999999999751e+00
-4.219999999999999751e+00
-4.219999999999999751e+00
-4.570000000000000284e+00
-4.570000000000000284e+00
-4.570000000000000284e+00
-4.570000000000000284e+00
-4.570000000000000284e+00
-4.570000000000000284e+00
-6.620000000000000107e+00
-6.620000000000000107e+00
-6.620000000000000107e+00
-6.620000000000000107e+00
-6.620000000000000107e+00
-6.620000000000000107e+00
-6.620000000000000107e+00
-2.669999999999999929e+00
-2.669999999999999929e+00
-2.669999999999999929e+00
-2.669999999999999929e+00
-2.669999999999999929e+00
-2.669999999999999929e+00
-2.669999999999999929e+00
-2.100000000000000089e+00
-2.100000000000000089e+00
-2.100000000000000089e+00
-2.100000000000000089e+00
2.479999999999999982e+00
2.479999999999999982e+00
2.479999999999999982e+00
2.479999999999999982e+00
2.479999999999999982e+00
5.600000000000000533e-01
5.600000000000000533e-01
5.600000000000000533e-01
-6.300000000000000044e-01
-6.300000000000000044e-01
-6.300000000000000044e-01
-5.740000000000000213e+00
-5.740000000000000213e+00
-5.740000000000000213e+00
-5.740000000000000213e+00
-5.740000000000000213e+00
-5.740000000000000213e+00
-5.740000000000000213e+00
-3.299999999999999822e+00
-3.299999999999999822e+00
-3.299999999999999822e+00
-3.299999999999999822e+00
-3.299999999999999822e+00
-3.299999999999999822e+00
-3.299999999999999822e+00
-6.160000000000000142e+00
-6.160000000000000142e+00
-6.160000000000000142e+00
-6.160000000000000142e+00
-6.160000000000000142e+00
-6.160000000000000142e+00
-6.160000000000000142e+00
-7.370000000000000107e+00
-7.370000000000000107e+00
-7.370000000000000107e+00
-7.370000000000000107e+00
-7.370000000000000107e+00
-7.370000000000000107e+00
-7.370000000000000107e+00
-6.440000000000000391e+00
-6.440000000000000391e+00
-6.440000000000000391e+00
-6.440000000000000391e+00
-6.440000000000000391e+00
-6.440000000000000391e+00
-6.440000000000000391e+00
-2.439999999999999947e+00
-2.439999999999999947e+00
-2.439999999999999947e+00
-2.439999999999999947e+00
-2.439999999999999947e+00
-2.439999999999999947e+00
-2.439999999999999947e+00
-8.499999999999999778e-01
-8.499999999999999778e-01
-8.499999999999999778e-01
-8.499999999999999778e-01
-8.499999999999999778e-01
-8.499999999999999778e-01
-8.499999999999999778e-01
-6.129999999999999893e+00
-6.129999999999999893e+00
-6.129999999999999893e+00
-6.129999999999999893e+00
-6.129999999999999893e+00
-6.129999999999999893e+00
-6.129999999999999893e+00
2.000000000000000000e+00
-5.300000000000000266e-01
-5.300000000000000266e-01
-5.300000000000000266e-01
-5.300000000000000266e-01
-5.300000000000000266e-01
1.229999999999999982e+00
-3.839999999999999858e+00
-3.839999999999999858e+00
-3.839999999999999858e+00
-3.839999999999999858e+00
-3.839999999999999858e+00
-3.839999999999999858e+00
-3.839999999999999858e+00
2.060000000000000053e+00
2.060000000000000053e+00
2.060000000000000053e+00
2.060000000000000053e+00
2.060000000000000053e+00
2.060000000000000053e+00
2.060000000000000053e+00
-1.459999999999999964e+00
-1.459999999999999964e+00
-1.459999999999999964e+00
-1.459999999999999964e+00
-1.459999999999999964e+00
-1.459999999999999964e+00
-1.459999999999999964e+00
-1.010000000000000009e+00
-1.010000000000000009e+00
-1.010000000000000009e+00
-1.010000000000000009e+00
-9.759999999999999787e+00
-9.759999999999999787e+00
-9.759999999999999787e+00
-9.759999999999999787e+00
-9.759999999999999787e+00
-9.759999999999999787e+00
-9.759999999999999787e+00
1.590000000000000080e+00
1.590000000000000080e+00
1.590000000000000080e+00
1.590000000000000080e+00
1.590000000000000080e+00
1.590000000000000080e+00
-5.530000000000000249e+00
-5.530000000000000249e+00
-5.530000000000000249e+00
-5.530000000000000249e+00
-5.530000000000000249e+00
-5.530000000000000249e+00
-5.530000000000000249e+00
-6.959999999999999964e+00
-6.959999999999999964e+00
-6.959999999999999964e+00
-6.959999999999999964e+00
-6.959999999999999964e+00
-6.959999999999999964e+00
-6.959999999999999964e+00
-8.609999999999999432e+00
-8.609999999999999432e+00
-8.609999999999999432e+00
-8.609999999999999432e+00
-8.609999999999999432e+00
-8.609999999999999432e+00
-7.660000000000000142e+00
-7.660000000000000142e+00
-7.660000000000000142e+00
-7.660000000000000142e+00
-7.660000000000000142e+00
-7.660000000000000142e+00
-7.660000000000000142e+00
-4.419999999999999929e+00
-4.419999999999999929e+00
-4.419999999999999929e+00
-4.419999999999999929e+00
-4.419999999999999929e+00
-4.419999999999999929e+00
-1.199999999999999956e+00
-1.199999999999999956e+00
-7.700000000000000178e-01
-7.700000000000000178e-01
-7.700000000000000178e-01
-1.340000000000000080e+00
-1.340000000000000080e+00
-1.340000000000000080e+00
-1.340000000000000080e+00
-1.340000000000000080e+00
-1.340000000000000080e+00
-1.340000000000000080e+00
-7.780000000000000249e+00
-7.780000000000000249e+00
-7.780000000000000249e+00
-7.780000000000000249e+00
-7.780000000000000249e+00
-7.780000000000000249e+00
-7.780000000000000249e+00
2.129999999999999893e+00
2.129999999999999893e+00
2.129999999999999893e+00
2.129999999999999893e+00
2.129999999999999893e+00
2.129999999999999893e+00
2.129999999999999893e+00
-7.469999999999999751e+00
-7.469999999999999751e+00
-7.469999999999999751e+00
-7.469999999999999751e+00
-7.469999999999999751e+00
-7.469999999999999751e+00
-7.469999999999999751e+00
-2.930000000000000160e+00
-2.930000000000000160e+00
-2.930000000000000160e+00
-2.930000000000000160e+00
-4.839999999999999858e+00
-4.839999999999999858e+00
-4.839999999999999858e+00
-4.839999999999999858e+00
-4.839999999999999858e+00
-4.839999999999999858e+00
-4.839999999999999858e+00
-3.669999999999999929e+00
-3.669999999999999929e+00
-3.669999999999999929e+00
-3.669999999999999929e+00
-3.669999999999999929e+00
-3.669999999999999929e+00
-3.669999999999999929e+00
-3.200000000000000178e+00
-3.200000000000000178e+00
-3.200000000000000178e+00
-3.200000000000000178e+00
-3.200000000000000178e+00
-3.200000000000000178e+00
-3.200000000000000178e+00
-1.989999999999999991e+00
-1.989999999999999991e+00
-1.989999999999999991e+00
-1.989999999999999991e+00
-1.989999999999999991e+00
5.600000000000000533e-01
5.600000000000000533e-01
5.600000000000000533e-01
5.600000000000000533e-01
1.070000000000000062e+00
1.070000000000000062e+00
1.070000000000000062e+00
1.070000000000000062e+00
1.070000000000000062e+00
1.070000000000000062e+00
1.070000000000000062e+00
-4.820000000000000284e+00
-4.820000000000000284e+00
-4.820000000000000284e+00
-4.820000000000000284e+00
-4.820000000000000284e+00
-4.820000000000000284e+00
-4.820000000000000284e+00
-7.169999999999999929e+00
-7.169999999999999929e+00
-7.169999999999999929e+00
-7.169999999999999929e+00
-7.169999999999999929e+00
-7.169999999999999929e+00
-9.529999999999999361e+00
-9.529999999999999361e+00
-9.529999999999999361e+00
-9.529999999999999361e+00
-9.529999999999999361e+00
-9.529999999999999361e+00
-9.529999999999999361e+00
-1.820000000000000062e+00
-1.820000000000000062e+00
-1.820000000000000062e+00
-1.820000000000000062e+00
-1.820000000000000062e+00
-1.820000000000000062e+00
-1.820000000000000062e+00
-3.500000000000000000e+00
-3.500000000000000000e+00
-3.500000000000000000e+00
-4.120000000000000107e+00
-4.120000000000000107e+00
-4.120000000000000107e+00
-4.120000000000000107e+00
-4.120000000000000107e+00
-4.120000000000000107e+00
-4.120000000000000107e+00
-4.690000000000000391e+00
-4.690000000000000391e+00
-4.690000000000000391e+00
-4.690000000000000391e+00
-4.690000000000000391e+00
-4.690000000000000391e+00
-2.009999999999999787e+00
-2.009999999999999787e+00
-2.009999999999999787e+00
-2.009999999999999787e+00
-2.009999999999999787e+00
-9.279999999999999361e+00
-9.279999999999999361e+00
-9.279999999999999361e+00
-9.279999999999999361e+00
2.379999999999999893e+00
2.379999999999999893e+00
2.379999999999999893e+00
2.379999999999999893e+00
2.379999999999999893e+00
-2.089999999999999858e+00
-2.089999999999999858e+00
-2.089999999999999858e+00
-2.089999999999999858e+00
-2.089999999999999858e+00
-2.089999999999999858e+00
-2.089999999999999858e+00
-4.209999999999999964e+00
-4.209999999999999964e+00
-4.209999999999999964e+00
-4.209999999999999964e+00
-4.209999999999999964e+00
-4.209999999999999964e+00
-4.209999999999999964e+00
-2.362000000000000099e+01
-2.362000000000000099e+01
-2.362000000000000099e+01
-2.362000000000000099e+01
-2.362000000000000099e+01
-2.362000000000000099e+01
-2.362000000000000099e+01
-9.400000000000000355e+00
-9.400000000000000355e+00
-9.400000000000000355e+00
-9.400000000000000355e+00
-9.400000000000000355e+00
-2.640000000000000124e+00
-2.640000000000000124e+00
-2.640000000000000124e+00
-2.640000000000000124e+00
-2.640000000000000124e+00
-2.640000000000000124e+00
-2.640000000000000124e+00
-2.459999999999999964e+00
-2.459999999999999964e+00
-2.459999999999999964e+00
-2.459999999999999964e+00
-2.459999999999999964e+00
-2.459999999999999964e+00
-2.459999999999999964e+00
-2.819999999999999840e+00
-2.819999999999999840e+00
-2.819999999999999840e+00
-2.819999999999999840e+00
-2.819999999999999840e+00
-2.819999999999999840e+00
-2.819999999999999840e+00
-1.000000000000000056e-01
-1.000000000000000056e-01
-1.000000000000000056e-01
-1.000000000000000056e-01
-1.000000000000000056e-01
-1.000000000000000056e-01
-9.000000000000000222e-01
-9.000000000000000222e-01
-9.000000000000000222e-01
-9.000000000000000222e-01
-9.000000000000000222e-01
-9.000000000000000222e-01
-9.000000000000000222e-01
-1.421000000000000085e+01
-1.421000000000000085e+01
-1.421000000000000085e+01
-1.421000000000000085e+01
-1.421000000000000085e+01
-1.421000000000000085e+01
-1.421000000000000085e+01
-6.120000000000000107e+00
-6.120000000000000107e+00
-6.120000000000000107e+00
-6.120000000000000107e+00
-6.120000000000000107e+00
-6.120000000000000107e+00
-6.120000000000000107e+00
-6.719999999999999751e+00
-6.719999999999999751e+00
-6.719999999999999751e+00
-6.719999999999999751e+00
-6.719999999999999751e+00
-6.719999999999999751e+00
-6.719999999999999751e+00
-4.780000000000000249e+00
-4.780000000000000249e+00
-4.780000000000000249e+00
-4.780000000000000249e+00
-4.780000000000000249e+00
-4.780000000000000249e+00
-4.780000000000000249e+00
-4.780000000000000249e+00
-4.780000000000000249e+00
-4.780000000000000249e+00
-4.780000000000000249e+00
-4.780000000000000249e+00
1.790000000000000036e+00
1.790000000000000036e+00
1.790000000000000036e+00
1.790000000000000036e+00
1.790000000000000036e+00
-7.769999999999999574e+00
-7.769999999999999574e+00
-7.769999999999999574e+00
-7.769999999999999574e+00
-7.769999999999999574e+00
-7.769999999999999574e+00
-7.769999999999999574e+00
1.000000000000000021e-02
1.000000000000000021e-02
1.000000000000000021e-02
1.000000000000000021e-02
1.000000000000000021e-02
-6.740000000000000213e+00
-6.740000000000000213e+00
-6.740000000000000213e+00
-6.740000000000000213e+00
-6.740000000000000213e+00
-6.740000000000000213e+00
-6.740000000000000213e+00
-5.290000000000000036e+00
-5.290000000000000036e+00
-5.290000000000000036e+00
-5.290000000000000036e+00
-5.290000000000000036e+00
-5.290000000000000036e+00
-5.290000000000000036e+00
-4.129999999999999893e+00
-4.129999999999999893e+00
-4.129999999999999893e+00
-4.129999999999999893e+00
-4.129999999999999893e+00
-4.129999999999999893e+00
-4.129999999999999893e+00
-1.500000000000000000e+00
-1.500000000000000000e+00
-1.500000000000000000e+00
-1.500000000000000000e+00
-6.459999999999999964e+00
-6.459999999999999964e+00
-6.459999999999999964e+00
-6.459999999999999964e+00
-6.459999999999999964e+00
-6.250000000000000000e+00
-6.250000000000000000e+00
-6.250000000000000000e+00
-6.250000000000000000e+00
-6.250000000000000000e+00
-6.250000000000000000e+00
-6.250000000000000000e+00
-4.799999999999999822e-01
-4.799999999999999822e-01
-4.799999999999999822e-01
-4.799999999999999822e-01
-9.630000000000000782e+00
-9.630000000000000782e+00
-9.630000000000000782e+00
-9.630000000000000782e+00
-9.630000000000000782e+00
-2.339999999999999858e+00
-2.339999999999999858e+00
-2.339999999999999858e+00
-2.339999999999999858e+00
-2.339999999999999858e+00
-2.339999999999999858e+00
-2.339999999999999858e+00
3.400000000000000244e-01
3.400000000000000244e-01
3.400000000000000244e-01
3.400000000000000244e-01
3.400000000000000244e-01
3.400000000000000244e-01
3.400000000000000244e-01
-1.077999999999999936e+01
-1.077999999999999936e+01
-1.077999999999999936e+01
-1.077999999999999936e+01
-1.077999999999999936e+01
-1.077999999999999936e+01
-1.077999999999999936e+01
-2.490000000000000213e+00
-2.490000000000000213e+00
-2.490000000000000213e+00
-2.490000000000000213e+00
-2.490000000000000213e+00
-2.490000000000000213e+00
-2.490000000000000213e+00
-1.139999999999999902e+00
-1.139999999999999902e+00
-1.139999999999999902e+00
-3.779999999999999805e+00
-3.779999999999999805e+00
-3.779999999999999805e+00
-3.779999999999999805e+00
-3.779999999999999805e+00
-3.779999999999999805e+00
-3.779999999999999805e+00
2.509999999999999787e+00
2.509999999999999787e+00
-4.700000000000000178e+00
-4.700000000000000178e+00
-4.700000000000000178e+00
-4.700000000000000178e+00
-4.700000000000000178e+00
-4.700000000000000178e+00
-1.100000000000000000e+01
-1.100000000000000000e+01
-1.100000000000000000e+01
-1.100000000000000000e+01
-1.100000000000000000e+01
-1.100000000000000000e+01
-1.100000000000000000e+01
2.970000000000000195e+00
2.970000000000000195e+00
2.970000000000000195e+00
2.970000000000000195e+00
2.970000000000000195e+00
2.970000000000000195e+00
2.970000000000000195e+00
-4.290000000000000036e+00
-4.290000000000000036e+00
-2.200000000000000011e-01
-2.200000000000000011e-01
-9.339999999999999858e+00
-9.339999999999999858e+00
-9.339999999999999858e+00
-9.339999999999999858e+00
-9.339999999999999858e+00
-9.339999999999999858e+00
-9.339999999999999858e+00
-1.600000000000000033e-01
-1.600000000000000033e-01
-1.600000000000000033e-01
-1.600000000000000033e-01
2.109999999999999876e+00
2.109999999999999876e+00
2.109999999999999876e+00
2.109999999999999876e+00
-3.950000000000000178e+00
-3.950000000000000178e+00
-3.950000000000000178e+00
-3.950000000000000178e+00
-3.950000000000000178e+00
-3.950000000000000178e+00
-3.950000000000000178e+00
-2.279999999999999805e+00
-2.279999999999999805e+00
-2.279999999999999805e+00
-2.279999999999999805e+00
-2.279999999999999805e+00
-2.279999999999999805e+00
-2.279999999999999805e+00
-4.400000000000000355e+00
-4.400000000000000355e+00
-4.400000000000000355e+00
-4.400000000000000355e+00
-4.400000000000000355e+00
-4.400000000000000355e+00
-4.400000000000000355e+00
8.399999999999999689e-01
8.399999999999999689e-01
8.399999999999999689e-01
8.399999999999999689e-01
8.399999999999999689e-01
-2.279999999999999805e+00
-2.279999999999999805e+00
-2.279999999999999805e+00
-2.279999999999999805e+00
-2.279999999999999805e+00
-2.279999999999999805e+00
-2.279999999999999805e+00
-8.299999999999999600e-01
-8.299999999999999600e-01
-8.299999999999999600e-01
-8.299999999999999600e-01
-8.299999999999999600e-01
-8.299999999999999600e-01
-8.299999999999999600e-01
-1.000000000000000000e+01
-1.000000000000000000e+01
-1.000000000000000000e+01
-1.000000000000000000e+01
-1.000000000000000000e+01
-2.819999999999999840e+00
-2.819999999999999840e+00
-2.819999999999999840e+00
-2.819999999999999840e+00
-2.819999999999999840e+00
-2.819999999999999840e+00
-2.819999999999999840e+00
-2.470000000000000195e+00
-2.470000000000000195e+00
-2.470000000000000195e+00
-2.470000000000000195e+00
-2.470000000000000195e+00
-2.470000000000000195e+00
-2.470000000000000195e+00
-2.879999999999999893e+00
-2.879999999999999893e+00
-2.879999999999999893e+00
-2.879999999999999893e+00
-2.879999999999999893e+00
-2.879999999999999893e+00
-2.879999999999999893e+00
1.580000000000000071e+00
1.580000000000000071e+00
1.580000000000000071e+00
1.580000000000000071e+00
1.580000000000000071e+00
1.580000000000000071e+00
1.580000000000000071e+00
-2.490000000000000213e+00
-2.490000000000000213e+00
-2.490000000000000213e+00
-2.490000000000000213e+00
-2.490000000000000213e+00
-2.490000000000000213e+00
-2.490000000000000213e+00
-3.100000000000000089e+00
-3.100000000000000089e+00
-3.100000000000000089e+00
-3.100000000000000089e+00
-3.100000000000000089e+00
-3.100000000000000089e+00
-3.100000000000000089e+00
2.930000000000000160e+00
2.930000000000000160e+00
2.930000000000000160e+00
2.930000000000000160e+00
2.930000000000000160e+00
2.930000000000000160e+00
2.930000000000000160e+00
-4.929999999999999716e+00
-4.929999999999999716e+00
-4.929999999999999716e+00
-4.929999999999999716e+00
-4.929999999999999716e+00
-4.929999999999999716e+00
-4.929999999999999716e+00
-5.259999999999999787e+00
-5.259999999999999787e+00
-5.259999999999999787e+00
-5.259999999999999787e+00
-5.259999999999999787e+00
-5.259999999999999787e+00
-5.259999999999999787e+00
-4.230000000000000426e+00
-4.230000000000000426e+00
-4.230000000000000426e+00
-4.230000000000000426e+00
-4.230000000000000426e+00
-4.230000000000000426e+00
-4.230000000000000426e+00
-5.110000000000000320e+00
-5.110000000000000320e+00
-5.110000000000000320e+00
-5.110000000000000320e+00
-5.110000000000000320e+00
-5.110000000000000320e+00
1.320000000000000062e+00
1.320000000000000062e+00
1.320000000000000062e+00
